 degree:10
 order:64
[ 10, 10, 1, 2, 20, 20 ][ 4, 10, 0, 2, 0, 0, 10, 2, 0, 0, 0, 0, 0, 0, 6 ]
minimal polynomial:
[ x-10, x-6, x, x+2, x+6, x^2+4*x-20 ]1
[ x-10, x-6, x, x+2, x+6, x^2-4*x-20 ]
[ x-1, x+1 ]
[ x-2, x, x+2 ]
[ x-20, x, x+4 ]
[ x-20, x-4, x, x+12 ]

 SITA:

[ [ [ 1, 0, 0, 0, 0, 0, 0 ], [ 0, 1, 0, 0, 0, 0, 0 ], [ 0, 0, 1, 0, 0, 0, 0 ], [ 0, 0, 0, 1, 0, 0, 0 ],[ 0, 0, 0, 0, 1, 0, 0 ], [ 0, 0, 0, 0, 0, 1, 0 ], [ 0, 0, 0, 0, 0, 0, 1 ] ],
  [ [ 0, 10, 0, 0, 0, 0, 0 ], [ 1, 0, 4, 1, 0, 4, 0 ], [ 0, 4, 0, 0, 2, 4, 0 ], [ 0, 10, 0, 0, 0, 0, 0 ],[ 0, 0, 10, 0, 0, 0, 0 ], [ 0, 2, 2, 0, 0, 0, 6 ], [ 0, 0, 0, 0, 0, 6, 4 ] ],
  [ [ 0, 0, 10, 0, 0, 0, 0 ], [ 0, 4, 0, 0, 2, 4, 0 ], [ 1, 0, 4, 1, 0, 4, 0 ], [ 0, 0, 10, 0, 0, 0, 0 ],[ 0, 10, 0, 0, 0, 0, 0 ], [ 0, 2, 2, 0, 0, 0, 6 ], [ 0, 0, 0, 0, 0, 6, 4 ] ],
  [ [ 0, 0, 0, 1, 0, 0, 0 ], [ 0, 1, 0, 0, 0, 0, 0 ], [ 0, 0, 1, 0, 0, 0, 0 ], [ 1, 0, 0, 0, 0, 0, 0 ],[ 0, 0, 0, 0, 1, 0, 0 ], [ 0, 0, 0, 0, 0, 1, 0 ], [ 0, 0, 0, 0, 0, 0, 1 ] ],
  [ [ 0, 0, 0, 0, 2, 0, 0 ], [ 0, 0, 2, 0, 0, 0, 0 ], [ 0, 2, 0, 0, 0, 0, 0 ], [ 0, 0, 0, 0, 2, 0, 0 ],[ 1, 0, 0, 1, 0, 0, 0 ], [ 0, 0, 0, 0, 0, 2, 0 ], [ 0, 0, 0, 0, 0, 0, 2 ] ],
  [ [ 0, 0, 0, 0, 0, 20, 0 ], [ 0, 4, 4, 0, 0, 0, 12 ], [ 0, 4, 4, 0, 0, 0, 12 ], [ 0, 0, 0, 0, 0, 20, 0 ],[ 0, 0, 0, 0, 0, 20, 0 ], [ 1, 0, 0, 1, 2, 16, 0 ], [ 0, 6, 6, 0, 0, 0, 8 ] ],
  [ [ 0, 0, 0, 0, 0, 0, 20 ], [ 0, 0, 0, 0, 0, 12, 8 ], [ 0, 0, 0, 0, 0, 12, 8 ], [ 0, 0, 0, 0, 0, 0, 20 ],[ 0, 0, 0, 0, 0, 0, 20 ], [ 0, 6, 6, 0, 0, 0, 8 ], [ 1, 4, 4, 1, 2, 8, 0 ] ] ]
