 degree:10
 order:48
[ 10, 10, 3, 4, 10, 10 ][ 6, 10, 0, 0, 0, 0, 0, 0, 4, 0, 0, 0, 4, 0, 6 ]
minimal polynomial:
[ x-10, x-8, x-2, x, x+2, x+8, x+10 ]
[ x-10, x-4, x, x+6 ]
[ x-3, x+1 ]
[ x-4, x, x+4 ]
[ x-10, x-2, x, x+8 ]
[ x-10, x-6, x-4, x, x+4, x+6, x+10 ]
 SITA:

48[ 10, 10, 3, 4, 10, 10 ][ 6, 10, 0, 0, 0, 0, 0, 0, 4, 0, 0, 0, 4, 0, 6 ]

[ [ [ 1, 0, 0, 0, 0, 0, 0 ], [ 0, 1, 0, 0, 0, 0, 0 ], [ 0, 0, 1, 0, 0, 0, 0 ], [ 0, 0, 0, 1, 0, 0, 0 ],
      [ 0, 0, 0, 0, 1, 0, 0 ], [ 0, 0, 0, 0, 0, 1, 0 ], [ 0, 0, 0, 0, 0, 0, 1 ] ],
  [ [ 0, 10, 0, 0, 0, 0, 0 ], [ 1, 0, 6, 3, 0, 0, 0 ], [ 0, 6, 0, 0, 0, 0, 4 ], [ 0, 10, 0, 0, 0, 0, 0 ],
      [ 0, 0, 0, 0, 0, 10, 0 ], [ 0, 0, 0, 0, 4, 0, 6 ], [ 0, 0, 4, 0, 0, 6, 0 ] ],
  [ [ 0, 0, 10, 0, 0, 0, 0 ], [ 0, 6, 0, 0, 0, 0, 4 ], [ 1, 0, 2, 3, 0, 4, 0 ], [ 0, 0, 10, 0, 0, 0, 0 ],
      [ 0, 0, 0, 0, 0, 0, 10 ], [ 0, 0, 4, 0, 0, 6, 0 ], [ 0, 4, 0, 0, 4, 0, 2 ] ],
  [ [ 0, 0, 0, 3, 0, 0, 0 ], [ 0, 3, 0, 0, 0, 0, 0 ], [ 0, 0, 3, 0, 0, 0, 0 ], [ 1, 0, 0, 2, 0, 0, 0 ],
      [ 0, 0, 0, 0, 3, 0, 0 ], [ 0, 0, 0, 0, 0, 3, 0 ], [ 0, 0, 0, 0, 0, 0, 3 ] ],
  [ [ 0, 0, 0, 0, 4, 0, 0 ], [ 0, 0, 0, 0, 0, 4, 0 ], [ 0, 0, 0, 0, 0, 0, 4 ], [ 0, 0, 0, 0, 4, 0, 0 ],
      [ 1, 0, 0, 3, 0, 0, 0 ], [ 0, 4, 0, 0, 0, 0, 0 ], [ 0, 0, 4, 0, 0, 0, 0 ] ],
  [ [ 0, 0, 0, 0, 0, 10, 0 ], [ 0, 0, 0, 0, 4, 0, 6 ], [ 0, 0, 4, 0, 0, 6, 0 ], [ 0, 0, 0, 0, 0, 10, 0 ],
      [ 0, 10, 0, 0, 0, 0, 0 ], [ 1, 0, 6, 3, 0, 0, 0 ], [ 0, 6, 0, 0, 0, 0, 4 ] ],
  [ [ 0, 0, 0, 0, 0, 0, 10 ], [ 0, 0, 4, 0, 0, 6, 0 ], [ 0, 4, 0, 0, 4, 0, 2 ], [ 0, 0, 0, 0, 0, 0, 10 ],
      [ 0, 0, 10, 0, 0, 0, 0 ], [ 0, 6, 0, 0, 0, 0, 4 ], [ 1, 0, 2, 3, 0, 4, 0 ] ] ]