 degree:9
 order:162
 [ 9, 3, 9, 14, 63, 63 ][ 3, 0, 0, 1, 0, 2, 0, 0, 0, 0, 1, 0, 0, 2, 7 ]
minimal polynomial:
[ x-9, x, x+9, x^2-18, x^2-6 ]1
[ x-3, x+1 ]
[ x-9, x, x+9, x^2-18, x^2-6 ]
[ x-14, x, x+4 ]
[ x-63, x, x+18 ]
[ x-63, x, x+63, x^2-72 ]
 SITA:
[ [ [ 1, 0, 0, 0, 0, 0, 0 ], [ 0, 1, 0, 0, 0, 0, 0 ], [ 0, 0, 1, 0, 0, 0, 0 ], [ 0, 0, 0, 1, 0, 0, 0 ],
      [ 0, 0, 0, 0, 1, 0, 0 ], [ 0, 0, 0, 0, 0, 1, 0 ], [ 0, 0, 0, 0, 0, 0, 1 ] ],
  [ [ 0, 9, 0, 0, 0, 0, 0 ], [ 1, 0, 1, 0, 0, 7, 0 ], [ 0, 3, 0, 6, 0, 0, 0 ], [ 0, 0, 2, 0, 0, 7, 0 ],
      [ 0, 0, 0, 0, 0, 0, 9 ], [ 0, 1, 0, 1, 0, 0, 7 ], [ 0, 0, 0, 0, 2, 7, 0 ] ],
  [ [ 0, 0, 3, 0, 0, 0, 0 ], [ 0, 1, 0, 2, 0, 0, 0 ], [ 1, 0, 2, 0, 0, 0, 0 ], [ 0, 2, 0, 1, 0, 0, 0 ],
      [ 0, 0, 0, 0, 3, 0, 0 ], [ 0, 0, 0, 0, 0, 3, 0 ], [ 0, 0, 0, 0, 0, 0, 3 ] ],
  [ [ 0, 0, 0, 9, 0, 0, 0 ], [ 0, 0, 2, 0, 0, 7, 0 ], [ 0, 6, 0, 3, 0, 0, 0 ], [ 1, 0, 1, 0, 0, 7, 0 ],
      [ 0, 0, 0, 0, 0, 0, 9 ], [ 0, 1, 0, 1, 0, 0, 7 ], [ 0, 0, 0, 0, 2, 7, 0 ] ],
  [ [ 0, 0, 0, 0, 14, 0, 0 ], [ 0, 0, 0, 0, 0, 0, 14 ], [ 0, 0, 0, 0, 14, 0, 0 ], [ 0, 0, 0, 0, 0, 0, 14 ],
      [ 1, 0, 3, 0, 10, 0, 0 ], [ 0, 0, 0, 0, 0, 14, 0 ], [ 0, 2, 0, 2, 0, 0, 10 ] ],
  [ [ 0, 0, 0, 0, 0, 63, 0 ], [ 0, 7, 0, 7, 0, 0, 49 ], [ 0, 0, 0, 0, 0, 63, 0 ], [ 0, 7, 0, 7, 0, 0, 49 ],
      [ 0, 0, 0, 0, 0, 63, 0 ], [ 1, 0, 3, 0, 14, 45, 0 ], [ 0, 7, 0, 7, 0, 0, 49 ] ],
  [ [ 0, 0, 0, 0, 0, 0, 63 ], [ 0, 0, 0, 0, 14, 49, 0 ], [ 0, 0, 0, 0, 0, 0, 63 ], [ 0, 0, 0, 0, 14, 49, 0 ],
      [ 0, 9, 0, 9, 0, 0, 45 ], [ 0, 7, 0, 7, 0, 0, 49 ], [ 1, 0, 3, 0, 10, 49, 0 ] ] ]

