 degree:12
 order:126
[ 12, 2, 6, 30, 30, 45 ][ 6, 0, 0, 4, 0, 2, 0, 0, 0, 0, 2, 0, 0, 8, 4 ]
minimal polynomial:
[ x-12, x, x+12, x^2-60, x^2-6 ]1
[ x-2, x+1 ]
[ x-6, x, x+6, x^2-15, x^2-6 ]
[ x-30, x-3, x, x+12 ]
[ x-30, x-9, x, x+6 ]
[ x-45, x, x+45, x^2-135 ]
 SITA: 

[ [ [ 1, 0, 0, 0, 0, 0, 0 ], [ 0, 1, 0, 0, 0, 0, 0 ], [ 0, 0, 1, 0, 0, 0, 0 ], [ 0, 0, 0, 1, 0, 0, 0 ],[ 0, 0, 0, 0, 1, 0, 0 ], [ 0, 0, 0, 0, 0, 1, 0 ], [ 0, 0, 0, 0, 0, 0, 1 ] ],
  [ [ 0, 12, 0, 0, 0, 0, 0 ], [ 1, 0, 1, 0, 0, 10, 0 ], [ 0, 6, 0, 6, 0, 0, 0 ], [ 0, 0, 2, 0, 0, 10, 0 ],[ 0, 0, 0, 0, 0, 0, 12 ], [ 0, 4, 0, 2, 0, 0, 6 ], [ 0, 0, 0, 0, 8, 4, 0 ] ],
  [ [ 0, 0, 2, 0, 0, 0, 0 ], [ 0, 1, 0, 1, 0, 0, 0 ], [ 1, 0, 1, 0, 0, 0, 0 ], [ 0, 2, 0, 0, 0, 0, 0 ],[ 0, 0, 0, 0, 2, 0, 0 ], [ 0, 0, 0, 0, 0, 2, 0 ], [ 0, 0, 0, 0, 0, 0, 2 ] ],
  [ [ 0, 0, 0, 6, 0, 0, 0 ], [ 0, 0, 1, 0, 0, 5, 0 ], [ 0, 6, 0, 0, 0, 0, 0 ], [ 1, 0, 0, 0, 0, 5, 0 ],[ 0, 0, 0, 0, 0, 0, 6 ], [ 0, 2, 0, 1, 0, 0, 3 ], [ 0, 0, 0, 0, 4, 2, 0 ] ],
  [ [ 0, 0, 0, 0, 30, 0, 0 ], [ 0, 0, 0, 0, 0, 0, 30 ], [ 0, 0, 0, 0, 30, 0, 0 ], [ 0, 0, 0, 0, 0, 0, 30 ],[ 1, 0, 2, 0, 9, 18, 0 ], [ 0, 0, 0, 0, 18, 12, 0 ], [ 0, 8, 0, 4, 0, 0, 18 ] ],
  [ [ 0, 0, 0, 0, 0, 30, 0 ], [ 0, 10, 0, 5, 0, 0, 15 ], [ 0, 0, 0, 0, 0, 30, 0 ], [ 0, 10, 0, 5, 0, 0, 15 ],[ 0, 0, 0, 0, 18, 12, 0 ], [ 1, 0, 2, 0, 12, 15, 0 ], [ 0, 4, 0, 2, 0, 0, 24 ] ],
  [ [ 0, 0, 0, 0, 0, 0, 45 ], [ 0, 0, 0, 0, 30, 15, 0 ], [ 0, 0, 0, 0, 0, 0, 45 ], [ 0, 0, 0, 0, 30, 15, 0 ],[ 0, 12, 0, 6, 0, 0, 27 ], [ 0, 6, 0, 3, 0, 0, 36 ], [ 1, 0, 2, 0, 18, 24, 0 ] ] ]