 degree:12
 order:40
 [ 12, 6, 1, 4, 4, 12 ][ 8, 12, 6, 0, 4, 0, 0, 6, 0, 0, 0, 0, 0, 2, 2 ]
minimal polynomial:
[ x-12, x, x+4, x^2-2*x-4, x^2+6*x-36 ]1
[ x-6, x, x+2 ]
[ x-1, x+1 ]
[ x-4, x, x^2+2*x-4 ]
[ x-4, x, x^2+2*x-4 ]
[ x-12, x, x+4, x^2-2*x-4, x^2+6*x-36 ]

 SITA:


[ [ [ 1, 0, 0, 0, 0, 0, 0 ], [ 0, 1, 0, 0, 0, 0, 0 ], [ 0, 0, 1, 0, 0, 0, 0 ], [ 0, 0, 0, 1, 0, 0, 0 ],
      [ 0, 0, 0, 0, 1, 0, 0 ], [ 0, 0, 0, 0, 0, 1, 0 ], [ 0, 0, 0, 0, 0, 0, 1 ] ],
  [ [ 0, 12, 0, 0, 0, 0, 0 ], [ 1, 0, 4, 1, 2, 0, 4 ], [ 0, 8, 0, 0, 0, 4, 0 ], [ 0, 12, 0, 0, 0, 0, 0 ],
      [ 0, 6, 0, 0, 0, 0, 6 ], [ 0, 0, 6, 0, 0, 0, 6 ], [ 0, 4, 0, 0, 2, 2, 4 ] ],
  [ [ 0, 0, 6, 0, 0, 0, 0 ], [ 0, 4, 0, 0, 0, 2, 0 ], [ 1, 0, 4, 1, 0, 0, 0 ], [ 0, 0, 6, 0, 0, 0, 0 ],
      [ 0, 0, 0, 0, 0, 0, 6 ], [ 0, 6, 0, 0, 0, 0, 0 ], [ 0, 0, 0, 0, 2, 0, 4 ] ],
  [ [ 0, 0, 0, 1, 0, 0, 0 ], [ 0, 1, 0, 0, 0, 0, 0 ], [ 0, 0, 1, 0, 0, 0, 0 ], [ 1, 0, 0, 0, 0, 0, 0 ],
      [ 0, 0, 0, 0, 1, 0, 0 ], [ 0, 0, 0, 0, 0, 1, 0 ], [ 0, 0, 0, 0, 0, 0, 1 ] ],
  [ [ 0, 0, 0, 0, 4, 0, 0 ], [ 0, 2, 0, 0, 0, 0, 2 ], [ 0, 0, 0, 0, 0, 0, 4 ], [ 0, 0, 0, 0, 4, 0, 0 ],
      [ 1, 0, 0, 1, 0, 2, 0 ], [ 0, 0, 0, 0, 2, 2, 0 ], [ 0, 2, 2, 0, 0, 0, 0 ] ],
  [ [ 0, 0, 0, 0, 0, 4, 0 ], [ 0, 0, 2, 0, 0, 0, 2 ], [ 0, 4, 0, 0, 0, 0, 0 ], [ 0, 0, 0, 0, 0, 4, 0 ],
      [ 0, 0, 0, 0, 2, 2, 0 ], [ 1, 0, 0, 1, 2, 0, 0 ], [ 0, 2, 0, 0, 0, 0, 2 ] ],
  [ [ 0, 0, 0, 0, 0, 0, 12 ], [ 0, 4, 0, 0, 2, 2, 4 ], [ 0, 0, 0, 0, 4, 0, 8 ], [ 0, 0, 0, 0, 0, 0, 12 ],
      [ 0, 6, 6, 0, 0, 0, 0 ], [ 0, 6, 0, 0, 0, 0, 6 ], [ 1, 4, 4, 1, 0, 2, 0 ] ] ]