 degree:10
 order:200
[ 10, 5, 14, 20, 70, 80 ][ 2, 0, 0, 0, 1, 0, 2, 0, 0, 0, 2, 0, 0, 2, 7 ]
minimal polynomial:
[ x-10, x, x+10, x^2-20, x^2-8 ]1
[ x-5, x+1 ]
[ x-14, x, x+6 ]
[ x-20, x, x+20, x^2-80, x^2-8 ]
[ x-70, x, x+70, x^2-180 ]
[ x-80, x, x+20 ]
 SITA:

[ [ [ 1, 0, 0, 0, 0, 0, 0 ], [ 0, 1, 0, 0, 0, 0, 0 ], [ 0, 0, 1, 0, 0, 0, 0 ], [ 0, 0, 0, 1, 0, 0, 0 ],
      [ 0, 0, 0, 0, 1, 0, 0 ], [ 0, 0, 0, 0, 0, 1, 0 ], [ 0, 0, 0, 0, 0, 0, 1 ] ],
  [ [ 0, 10, 0, 0, 0, 0, 0 ], [ 1, 0, 1, 0, 0, 0, 8 ], [ 0, 2, 0, 0, 8, 0, 0 ], [ 0, 0, 0, 0, 0, 10, 0 ],
      [ 0, 0, 2, 0, 0, 0, 8 ], [ 0, 0, 0, 2, 0, 0, 8 ], [ 0, 1, 0, 0, 2, 7, 0 ] ],
  [ [ 0, 0, 5, 0, 0, 0, 0 ], [ 0, 1, 0, 0, 4, 0, 0 ], [ 1, 0, 4, 0, 0, 0, 0 ], [ 0, 0, 0, 5, 0, 0, 0 ],
      [ 0, 2, 0, 0, 3, 0, 0 ], [ 0, 0, 0, 0, 0, 5, 0 ], [ 0, 0, 0, 0, 0, 0, 5 ] ],
  [ [ 0, 0, 0, 14, 0, 0, 0 ], [ 0, 0, 0, 0, 0, 14, 0 ], [ 0, 0, 0, 14, 0, 0, 0 ], [ 1, 0, 5, 8, 0, 0, 0 ],
      [ 0, 0, 0, 0, 0, 14, 0 ], [ 0, 2, 0, 0, 4, 8, 0 ], [ 0, 0, 0, 0, 0, 0, 14 ] ],
  [ [ 0, 0, 0, 0, 20, 0, 0 ], [ 0, 0, 4, 0, 0, 0, 16 ], [ 0, 8, 0, 0, 12, 0, 0 ], [ 0, 0, 0, 0, 0, 20, 0 ],
      [ 1, 0, 3, 0, 0, 0, 16 ], [ 0, 0, 0, 4, 0, 0, 16 ], [ 0, 2, 0, 0, 4, 14, 0 ] ],
  [ [ 0, 0, 0, 0, 0, 70, 0 ], [ 0, 0, 0, 14, 0, 0, 56 ], [ 0, 0, 0, 0, 0, 70, 0 ], [ 0, 10, 0, 0, 20, 40, 0 ],
      [ 0, 0, 0, 14, 0, 0, 56 ], [ 1, 0, 5, 8, 0, 0, 56 ], [ 0, 7, 0, 0, 14, 49, 0 ] ],
  [ [ 0, 0, 0, 0, 0, 0, 80 ], [ 0, 8, 0, 0, 16, 56, 0 ], [ 0, 0, 0, 0, 0, 0, 80 ], [ 0, 0, 0, 0, 0, 0, 80 ],
      [ 0, 8, 0, 0, 16, 56, 0 ], [ 0, 8, 0, 0, 16, 56, 0 ], [ 1, 0, 5, 14, 0, 0, 60 ] ] ]
