 degree:10
 order:70
[ 10, 20, 1, 4, 6, 30 ][ 2, 10, 0, 0, 1, 0, 10, 0, 2, 0, 0, 0, 0, 0, 2 ] 
minimal polynomial:
[ x-10, x-4, x, x+2, x+5, x^2-2*x-20 ]1
[ x-20, x-5, x, x+4, x^2-4*x-80 ]
[ x-1, x+1 ]
[ x-4, x, x+2 ]
[ x-6, x, x+6 ]
[ x-30, x, x+6, x^2+6*x-180 ]

 SITA:

[ [ [ 1, 0, 0, 0, 0, 0, 0 ], [ 0, 1, 0, 0, 0, 0, 0 ], [ 0, 0, 1, 0, 0, 0, 0 ], [ 0, 0, 0, 1, 0, 0, 0 ],[ 0, 0, 0, 0, 1, 0, 0 ], [ 0, 0, 0, 0, 0, 1, 0 ], [ 0, 0, 0, 0, 0, 0, 1 ] ],
  [ [ 0, 10, 0, 0, 0, 0, 0 ], [ 1, 1, 4, 1, 0, 0, 3 ], [ 0, 2, 3, 0, 2, 0, 3 ], [ 0, 10, 0, 0, 0, 0, 0 ],[ 0, 0, 10, 0, 0, 0, 0 ], [ 0, 0, 0, 0, 0, 0, 10 ], [ 0, 1, 2, 0, 0, 2, 5 ] ],
  [ [ 0, 0, 20, 0, 0, 0, 0 ], [ 0, 4, 6, 0, 4, 0, 6 ], [ 1, 3, 7, 1, 2, 0, 6 ], [ 0, 0, 20, 0, 0, 0, 0 ],[ 0, 10, 10, 0, 0, 0, 0 ], [ 0, 0, 0, 0, 0, 0, 20 ], [ 0, 2, 4, 0, 0, 4, 10 ] ],
  [ [ 0, 0, 0, 1, 0, 0, 0 ], [ 0, 1, 0, 0, 0, 0, 0 ], [ 0, 0, 1, 0, 0, 0, 0 ], [ 1, 0, 0, 0, 0, 0, 0 ],[ 0, 0, 0, 0, 1, 0, 0 ], [ 0, 0, 0, 0, 0, 1, 0 ], [ 0, 0, 0, 0, 0, 0, 1 ] ],
  [ [ 0, 0, 0, 0, 4, 0, 0 ], [ 0, 0, 4, 0, 0, 0, 0 ], [ 0, 2, 2, 0, 0, 0, 0 ], [ 0, 0, 0, 0, 4, 0, 0 ],[ 1, 0, 0, 1, 2, 0, 0 ], [ 0, 0, 0, 0, 0, 4, 0 ], [ 0, 0, 0, 0, 0, 0, 4 ] ],
  [ [ 0, 0, 0, 0, 0, 6, 0 ], [ 0, 0, 0, 0, 0, 0, 6 ], [ 0, 0, 0, 0, 0, 0, 6 ], [ 0, 0, 0, 0, 0, 6, 0 ],[ 0, 0, 0, 0, 0, 6, 0 ], [ 1, 0, 0, 1, 4, 0, 0 ], [ 0, 2, 4, 0, 0, 0, 0 ] ],
  [ [ 0, 0, 0, 0, 0, 0, 30 ], [ 0, 3, 6, 0, 0, 6, 15 ], [ 0, 3, 6, 0, 0, 6, 15 ], [ 0, 0, 0, 0, 0, 0, 30 ],[ 0, 0, 0, 0, 0, 0, 30 ], [ 0, 10, 20, 0, 0, 0, 0 ], [ 1, 5, 10, 1, 4, 0, 9 ] ] ]