 degree:8
 order:112
 [ 8, 8, 1, 6, 40, 48 ][ 2, 0, 0, 1, 0, 8, 0, 1, 0, 0, 0, 0, 0, 1, 5 ]
minimal polynomial:
[ x-8, x-4, x-2, x, x+2, x+4, x+6 ]
[ x-8, x-4, x, x+2, x+6 ]
[ x-1, x+1 ]
[ x-6, x, x+2 ]
[ x-40, x, x+8 ]
[ x-48, x-4, x, x+8, x+36 ]
 SITA:
[ [ [ 1, 0, 0, 0, 0, 0, 0 ], [ 0, 1, 0, 0, 0, 0, 0 ], [ 0, 0, 1, 0, 0, 0, 0 ], [ 0, 0, 0, 1, 0, 0, 0 ],
      [ 0, 0, 0, 0, 1, 0, 0 ], [ 0, 0, 0, 0, 0, 1, 0 ], [ 0, 0, 0, 0, 0, 0, 1 ] ],
  [ [ 0, 8, 0, 0, 0, 0, 0 ], [ 1, 0, 2, 0, 0, 5, 0 ], [ 0, 2, 0, 1, 0, 5, 0 ], [ 0, 0, 8, 0, 0, 0, 0 ],
      [ 0, 0, 0, 0, 0, 0, 8 ], [ 0, 1, 1, 0, 0, 0, 6 ], [ 0, 0, 0, 0, 1, 5, 2 ] ],
  [ [ 0, 0, 8, 0, 0, 0, 0 ], [ 0, 2, 0, 1, 0, 5, 0 ], [ 1, 0, 2, 0, 0, 5, 0 ], [ 0, 8, 0, 0, 0, 0, 0 ],
      [ 0, 0, 0, 0, 0, 0, 8 ], [ 0, 1, 1, 0, 0, 0, 6 ], [ 0, 0, 0, 0, 1, 5, 2 ] ],
  [ [ 0, 0, 0, 1, 0, 0, 0 ], [ 0, 0, 1, 0, 0, 0, 0 ], [ 0, 1, 0, 0, 0, 0, 0 ], [ 1, 0, 0, 0, 0, 0, 0 ],
      [ 0, 0, 0, 0, 1, 0, 0 ], [ 0, 0, 0, 0, 0, 1, 0 ], [ 0, 0, 0, 0, 0, 0, 1 ] ],
  [ [ 0, 0, 0, 0, 6, 0, 0 ], [ 0, 0, 0, 0, 0, 0, 6 ], [ 0, 0, 0, 0, 0, 0, 6 ], [ 0, 0, 0, 0, 6, 0, 0 ],
      [ 1, 0, 0, 1, 4, 0, 0 ], [ 0, 0, 0, 0, 0, 6, 0 ], [ 0, 1, 1, 0, 0, 0, 4 ] ],
  [ [ 0, 0, 0, 0, 0, 40, 0 ], [ 0, 5, 5, 0, 0, 0, 30 ], [ 0, 5, 5, 0, 0, 0, 30 ], [ 0, 0, 0, 0, 0, 40, 0 ],
      [ 0, 0, 0, 0, 0, 40, 0 ], [ 1, 0, 0, 1, 6, 32, 0 ], [ 0, 5, 5, 0, 0, 0, 30 ] ],
  [ [ 0, 0, 0, 0, 0, 0, 48 ], [ 0, 0, 0, 0, 6, 30, 12 ], [ 0, 0, 0, 0, 6, 30, 12 ], [ 0, 0, 0, 0, 0, 0, 48 ],
      [ 0, 8, 8, 0, 0, 0, 32 ], [ 0, 6, 6, 0, 0, 0, 36 ], [ 1, 2, 2, 1, 4, 30, 8 ] ] ]
