 degree:10
 order:150
[ 10, 10, 1, 8, 40, 80 ][ 5, 0, 0, 1, 0, 10, 0, 1, 0, 0, 0, 0, 0, 1, 4 ]
minimal polynomial:
[ x-10, x, x+5, x^2-5*x-10, x^2+5*x-10 ]1
[ x-10, x, x+5, x^2-5*x-10 ]
[ x-1, x+1 ]
[ x-8, x, x+2 ]
[ x-40, x, x+10 ]
[ x-80, x, x+40, x^2+10*x-40 ]

 SITA:

[ [ [ 1, 0, 0, 0, 0, 0, 0 ], [ 0, 1, 0, 0, 0, 0, 0 ], [ 0, 0, 1, 0, 0, 0, 0 ], [ 0, 0, 0, 1, 0, 0, 0 ],[ 0, 0, 0, 0, 1, 0, 0 ], [ 0, 0, 0, 0, 0, 1, 0 ], [ 0, 0, 0, 0, 0, 0, 1 ] ],
  [ [ 0, 10, 0, 0, 0, 0, 0 ], [ 1, 0, 5, 0, 0, 4, 0 ], [ 0, 5, 0, 1, 0, 4, 0 ], [ 0, 0, 10, 0, 0, 0, 0 ],[ 0, 0, 0, 0, 0, 0, 10 ], [ 0, 1, 1, 0, 0, 0, 8 ], [ 0, 0, 0, 0, 1, 4, 5 ] ],
  [ [ 0, 0, 10, 0, 0, 0, 0 ], [ 0, 5, 0, 1, 0, 4, 0 ], [ 1, 0, 5, 0, 0, 4, 0 ], [ 0, 10, 0, 0, 0, 0, 0 ],[ 0, 0, 0, 0, 0, 0, 10 ], [ 0, 1, 1, 0, 0, 0, 8 ], [ 0, 0, 0, 0, 1, 4, 5 ] ],
  [ [ 0, 0, 0, 1, 0, 0, 0 ], [ 0, 0, 1, 0, 0, 0, 0 ], [ 0, 1, 0, 0, 0, 0, 0 ], [ 1, 0, 0, 0, 0, 0, 0 ],[ 0, 0, 0, 0, 1, 0, 0 ], [ 0, 0, 0, 0, 0, 1, 0 ], [ 0, 0, 0, 0, 0, 0, 1 ] ],
  [ [ 0, 0, 0, 0, 8, 0, 0 ], [ 0, 0, 0, 0, 0, 0, 8 ], [ 0, 0, 0, 0, 0, 0, 8 ], [ 0, 0, 0, 0, 8, 0, 0 ],[ 1, 0, 0, 1, 6, 0, 0 ], [ 0, 0, 0, 0, 0, 8, 0 ], [ 0, 1, 1, 0, 0, 0, 6 ] ],
  [ [ 0, 0, 0, 0, 0, 40, 0 ], [ 0, 4, 4, 0, 0, 0, 32 ], [ 0, 4, 4, 0, 0, 0, 32 ], [ 0, 0, 0, 0, 0, 40, 0 ],[ 0, 0, 0, 0, 0, 40, 0 ], [ 1, 0, 0, 1, 8, 30, 0 ], [ 0, 4, 4, 0, 0, 0, 32 ] ],
  [ [ 0, 0, 0, 0, 0, 0, 80 ], [ 0, 0, 0, 0, 8, 32, 40 ], [ 0, 0, 0, 0, 8, 32, 40 ], [ 0, 0, 0, 0, 0, 0, 80 ],[ 0, 10, 10, 0, 0, 0, 60 ], [ 0, 8, 8, 0, 0, 0, 64 ], [ 1, 5, 5, 1, 6, 32, 30 ] ] ]

