 degree:6
 order:100
 [ 6, 24, 1, 20, 24, 24 ][ 1, 6, 0, 0, 0, 0, 0, 5, 0, 0, 0, 0, 0, 5, 1 ]
minimal polynomial:
[ x-6, x, x+6, x^4-36*x^2+250 ]3
[ x-24, x, x^2-12*x-38 ]
[ x-1, x+1 ]
[ x-20, x, x+20, x^4-260*x^2+250 ]
[ x-24, x, x+24, x^4-136*x^2+1960 ]
[ x-24, x, x^2+16*x-10 ]
 SITA:
[ [ [ 1, 0, 0, 0, 0, 0, 0 ], [ 0, 1, 0, 0, 0, 0, 0 ], [ 0, 0, 1, 0, 0, 0, 0 ], [ 0, 0, 0, 1, 0, 0, 0 ],
      [ 0, 0, 0, 0, 1, 0, 0 ], [ 0, 0, 0, 0, 0, 1, 0 ], [ 0, 0, 0, 0, 0, 0, 1 ] ],
  [ [ 0, 6, 0, 0, 0, 0, 0 ], [ 1, 0, 4, 1, 0, 0, 0 ], [ 0, 1, 0, 0, 0, 5, 0 ], [ 0, 6, 0, 0, 0, 0, 0 ],
      [ 0, 0, 0, 0, 0, 0, 6 ], [ 0, 0, 5, 0, 0, 0, 1 ], [ 0, 0, 0, 0, 5, 1, 0 ] ],
  [ [ 0, 0, 24, 0, 0, 0, 0 ], [ 0, 4, 0, 0, 0, 20, 0 ], [ 1, 0, 17, 1, 0, 0, 5 ], [ 0, 0, 24, 0, 0, 0, 0 ],
      [ 0, 0, 0, 0, 18, 6, 0 ], [ 0, 5, 0, 0, 5, 14, 0 ], [ 0, 0, 5, 0, 0, 0, 19 ] ],
  [ [ 0, 0, 0, 1, 0, 0, 0 ], [ 0, 1, 0, 0, 0, 0, 0 ], [ 0, 0, 1, 0, 0, 0, 0 ], [ 1, 0, 0, 0, 0, 0, 0 ],
      [ 0, 0, 0, 0, 1, 0, 0 ], [ 0, 0, 0, 0, 0, 1, 0 ], [ 0, 0, 0, 0, 0, 0, 1 ] ],
  [ [ 0, 0, 0, 0, 20, 0, 0 ], [ 0, 0, 0, 0, 0, 0, 20 ], [ 0, 0, 0, 0, 15, 5, 0 ], [ 0, 0, 0, 0, 20, 0, 0 ],
      [ 1, 0, 18, 1, 0, 0, 0 ], [ 0, 0, 5, 0, 0, 0, 15 ], [ 0, 5, 0, 0, 0, 15, 0 ] ],
  [ [ 0, 0, 0, 0, 0, 24, 0 ], [ 0, 0, 20, 0, 0, 0, 4 ], [ 0, 5, 0, 0, 5, 14, 0 ], [ 0, 0, 0, 0, 0, 24, 0 ],
      [ 0, 0, 6, 0, 0, 0, 18 ], [ 1, 0, 14, 1, 0, 0, 8 ], [ 0, 1, 0, 0, 15, 8, 0 ] ],
  [ [ 0, 0, 0, 0, 0, 0, 24 ], [ 0, 0, 0, 0, 20, 4, 0 ], [ 0, 0, 5, 0, 0, 0, 19 ], [ 0, 0, 0, 0, 0, 0, 24 ],
      [ 0, 6, 0, 0, 0, 18, 0 ], [ 0, 1, 0, 0, 15, 8, 0 ], [ 1, 0, 19, 1, 0, 0, 3 ] ] ]

