 degree:10
 order:128
 [ 10, 30, 3, 24, 30, 30 ][ 2, 0, 0, 0, 1, 0, 5, 4, 0, 0, 1, 0, 0, 4, 5 ]
minimal polynomial:
[ x-10, x-2, x, x+2, x+10, x^2-12 ]1
[ x-30, x-2, x+2, x+10 ]
[ x-3, x+1 ]
[ x-24, x-8, x, x+8, x+24 ]
[ x-30, x-6, x, x+6, x+30, x^2-12 ]
[ x-30, x-10, x+2 ]
 SITA:

[ [ [ 1, 0, 0, 0, 0, 0, 0 ], [ 0, 1, 0, 0, 0, 0, 0 ], [ 0, 0, 1, 0, 0, 0, 0 ], [ 0, 0, 0, 1, 0, 0, 0 ],[ 0, 0, 0, 0, 1, 0, 0 ], [ 0, 0, 0, 0, 0, 1, 0 ], [ 0, 0, 0, 0, 0, 0, 1 ] ],
  [ [ 0, 10, 0, 0, 0, 0, 0 ], [ 1, 0, 6, 0, 0, 0, 3 ], [ 0, 2, 0, 0, 4, 4, 0 ], [ 0, 0, 0, 0, 0, 10, 0 ],[ 0, 0, 5, 0, 0, 0, 5 ], [ 0, 0, 4, 1, 0, 0, 5 ], [ 0, 1, 0, 0, 4, 5, 0 ] ],
  [ [ 0, 0, 30, 0, 0, 0, 0 ], [ 0, 6, 0, 0, 12, 12, 0 ], [ 1, 0, 10, 1, 0, 0, 18 ], [ 0, 0, 10, 0, 0, 0, 20 ],[ 0, 5, 0, 0, 10, 15, 0 ], [ 0, 4, 0, 0, 12, 14, 0 ], [ 0, 0, 18, 2, 0, 0, 10 ] ],
  [ [ 0, 0, 0, 3, 0, 0, 0 ], [ 0, 0, 0, 0, 0, 3, 0 ], [ 0, 0, 1, 0, 0, 0, 2 ], [ 1, 0, 0, 2, 0, 0, 0 ],[ 0, 0, 0, 0, 3, 0, 0 ], [ 0, 1, 0, 0, 0, 2, 0 ], [ 0, 0, 2, 0, 0, 0, 1 ] ],
  [ [ 0, 0, 0, 0, 24, 0, 0 ], [ 0, 0, 12, 0, 0, 0, 12 ], [ 0, 4, 0, 0, 8, 12, 0 ], [ 0, 0, 0, 0, 24, 0, 0 ],[ 1, 0, 10, 3, 0, 0, 10 ], [ 0, 0, 12, 0, 0, 0, 12 ], [ 0, 4, 0, 0, 8, 12, 0 ] ],
  [ [ 0, 0, 0, 0, 0, 30, 0 ], [ 0, 0, 12, 3, 0, 0, 15 ], [ 0, 4, 0, 0, 12, 14, 0 ], [ 0, 10, 0, 0, 0, 20, 0 ],[ 0, 0, 15, 0, 0, 0, 15 ], [ 1, 0, 14, 2, 0, 0, 13 ], [ 0, 5, 0, 0, 12, 13, 0 ] ],
  [ [ 0, 0, 0, 0, 0, 0, 30 ], [ 0, 3, 0, 0, 12, 15, 0 ], [ 0, 0, 18, 2, 0, 0, 10 ], [ 0, 0, 20, 0, 0, 0, 10 ],[ 0, 5, 0, 0, 10, 15, 0 ], [ 0, 5, 0, 0, 12, 13, 0 ], [ 1, 0, 10, 1, 0, 0, 18 ] ] ]


