 degree:6
 order:72
[ 6, 3, 6, 8, 24, 24 ][ 2, 0, 0, 0, 1, 2, 0, 0, 0, 0, 0, 1, 2, 0, 4 ]

minimal polynomial:
[ x-6, x-2, x, x+2, x+6, x^2-12 ]1
[ x-3, x+1 ]
[ x-6, x-2, x, x+2, x+6, x^2-12 ]
[ x-8, x, x+4 ]
[ x-24, x, x+24, x^2-48 ]
[ x-24, x, x+12 ]
 SITA:
[ [ [ 1, 0, 0, 0, 0, 0, 0 ], [ 0, 1, 0, 0, 0, 0, 0 ], [ 0, 0, 1, 0, 0, 0, 0 ], [ 0, 0, 0, 1, 0, 0, 0 ],
      [ 0, 0, 0, 0, 1, 0, 0 ], [ 0, 0, 0, 0, 0, 1, 0 ], [ 0, 0, 0, 0, 0, 0, 1 ] ],
  [ [ 0, 6, 0, 0, 0, 0, 0 ], [ 1, 0, 1, 0, 0, 0, 4 ], [ 0, 2, 0, 4, 0, 0, 0 ], [ 0, 0, 2, 0, 0, 0, 4 ],
      [ 0, 0, 0, 0, 0, 6, 0 ], [ 0, 0, 0, 0, 2, 0, 4 ], [ 0, 1, 0, 1, 0, 4, 0 ] ],
  [ [ 0, 0, 3, 0, 0, 0, 0 ], [ 0, 1, 0, 2, 0, 0, 0 ], [ 1, 0, 2, 0, 0, 0, 0 ], [ 0, 2, 0, 1, 0, 0, 0 ],
      [ 0, 0, 0, 0, 3, 0, 0 ], [ 0, 0, 0, 0, 0, 3, 0 ], [ 0, 0, 0, 0, 0, 0, 3 ] ],
  [ [ 0, 0, 0, 6, 0, 0, 0 ], [ 0, 0, 2, 0, 0, 0, 4 ], [ 0, 4, 0, 2, 0, 0, 0 ], [ 1, 0, 1, 0, 0, 0, 4 ],
      [ 0, 0, 0, 0, 0, 6, 0 ], [ 0, 0, 0, 0, 2, 0, 4 ], [ 0, 1, 0, 1, 0, 4, 0 ] ],
  [ [ 0, 0, 0, 0, 8, 0, 0 ], [ 0, 0, 0, 0, 0, 8, 0 ], [ 0, 0, 0, 0, 8, 0, 0 ], [ 0, 0, 0, 0, 0, 8, 0 ],
      [ 1, 0, 3, 0, 4, 0, 0 ], [ 0, 2, 0, 2, 0, 4, 0 ], [ 0, 0, 0, 0, 0, 0, 8 ] ],
  [ [ 0, 0, 0, 0, 0, 24, 0 ], [ 0, 0, 0, 0, 8, 0, 16 ], [ 0, 0, 0, 0, 0, 24, 0 ], [ 0, 0, 0, 0, 8, 0, 16 ],
      [ 0, 6, 0, 6, 0, 12, 0 ], [ 1, 0, 3, 0, 4, 0, 16 ], [ 0, 4, 0, 4, 0, 16, 0 ] ],
  [ [ 0, 0, 0, 0, 0, 0, 24 ], [ 0, 4, 0, 4, 0, 16, 0 ], [ 0, 0, 0, 0, 0, 0, 24 ], [ 0, 4, 0, 4, 0, 16, 0 ],
      [ 0, 0, 0, 0, 0, 0, 24 ], [ 0, 4, 0, 4, 0, 16, 0 ], [ 1, 0, 3, 0, 8, 0, 12 ] ] ]

