 degree:8
 order:240
 [ 8, 14, 21, 28, 84, 84 ][ 4, 0, 0, 0, 0, 0, 2, 0, 0, 0, 0, 2, 2, 0, 6 ]
minimal polynomial:
[ x-8, x-2, x, x+2, x+8, x^2-40 ]1
[ x-14, x-8, x+1, x+2 ]
[ x-21, x-6, x+3 ]
[ x-28, x-8, x, x+8, x+28, x^2-10 ]
[ x-84, x-4, x+6 ]
[ x-84, x-6, x, x+6, x+84, x^2-90 ]
 SITA:
[ [ [ 1, 0, 0, 0, 0, 0, 0 ], [ 0, 1, 0, 0, 0, 0, 0 ], [ 0, 0, 1, 0, 0, 0, 0 ], [ 0, 0, 0, 1, 0, 0, 0 ],
      [ 0, 0, 0, 0, 1, 0, 0 ], [ 0, 0, 0, 0, 0, 1, 0 ], [ 0, 0, 0, 0, 0, 0, 1 ] ],
  [ [ 0, 8, 0, 0, 0, 0, 0 ], [ 1, 0, 7, 0, 0, 0, 0 ], [ 0, 4, 0, 0, 4, 0, 0 ], [ 0, 0, 0, 0, 0, 0, 8 ],
      [ 0, 0, 2, 0, 0, 6, 0 ], [ 0, 0, 0, 0, 2, 0, 6 ], [ 0, 0, 0, 2, 0, 6, 0 ] ],
  [ [ 0, 0, 14, 0, 0, 0, 0 ], [ 0, 7, 0, 0, 7, 0, 0 ], [ 1, 0, 7, 0, 0, 6, 0 ], [ 0, 0, 0, 2, 0, 12, 0 ],
      [ 0, 2, 0, 0, 3, 0, 9 ], [ 0, 0, 1, 3, 0, 10, 0 ], [ 0, 0, 0, 0, 3, 0, 11 ] ],
  [ [ 0, 0, 0, 21, 0, 0, 0 ], [ 0, 0, 0, 0, 0, 0, 21 ], [ 0, 0, 0, 3, 0, 18, 0 ], [ 1, 0, 2, 6, 0, 12, 0 ],
      [ 0, 0, 0, 0, 9, 0, 12 ], [ 0, 0, 3, 3, 0, 15, 0 ], [ 0, 2, 0, 0, 4, 0, 15 ] ],
  [ [ 0, 0, 0, 0, 28, 0, 0 ], [ 0, 0, 7, 0, 0, 21, 0 ], [ 0, 4, 0, 0, 6, 0, 18 ], [ 0, 0, 0, 0, 12, 0, 16 ],
      [ 1, 0, 3, 9, 0, 15, 0 ], [ 0, 2, 0, 0, 5, 0, 21 ], [ 0, 0, 3, 4, 0, 21, 0 ] ],
  [ [ 0, 0, 0, 0, 0, 84, 0 ], [ 0, 0, 0, 0, 21, 0, 63 ], [ 0, 0, 6, 18, 0, 60, 0 ], [ 0, 0, 12, 12, 0, 60, 0 ],
      [ 0, 6, 0, 0, 15, 0, 63 ], [ 1, 0, 10, 15, 0, 58, 0 ], [ 0, 6, 0, 0, 21, 0, 57 ] ],
  [ [ 0, 0, 0, 0, 0, 0, 84 ], [ 0, 0, 0, 21, 0, 63, 0 ], [ 0, 0, 0, 0, 18, 0, 66 ], [ 0, 8, 0, 0, 16, 0, 60 ],
      [ 0, 0, 9, 12, 0, 63, 0 ], [ 0, 6, 0, 0, 21, 0, 57 ], [ 1, 0, 11, 15, 0, 57, 0 ] ] ]

