 degree:11
 order:48
[ 11, 11, 1, 2, 11, 11 ][ 5, 11, 0, 0, 4, 0, 0, 6, 0, 0, 0, 0, 0, 2, 5 ]
minimal polynomial:
[ x-11, x-4, x-3, x, x+3, x+4, x+11 ]
[ x-11, x-2, x, x+5 ]
[ x-1, x+1 ]
[ x-2, x, x+2 ]
[ x-11, x-5, x-2, x, x+2, x+5, x+11 ]
[ x-11, x-3, x, x+4 ]
 SITA:

[ [ [ 1, 0, 0, 0, 0, 0, 0 ], [ 0, 1, 0, 0, 0, 0, 0 ], [ 0, 0, 1, 0, 0, 0, 0 ], [ 0, 0, 0, 1, 0, 0, 0 ],
      [ 0, 0, 0, 0, 1, 0, 0 ], [ 0, 0, 0, 0, 0, 1, 0 ], [ 0, 0, 0, 0, 0, 0, 1 ] ],
  [ [ 0, 11, 0, 0, 0, 0, 0 ], [ 1, 0, 5, 1, 0, 0, 4 ], [ 0, 5, 0, 0, 0, 6, 0 ], [ 0, 11, 0, 0, 0, 0, 0 ],
      [ 0, 0, 0, 0, 0, 0, 11 ], [ 0, 0, 6, 0, 0, 0, 5 ], [ 0, 4, 0, 0, 2, 5, 0 ] ],
  [ [ 0, 0, 11, 0, 0, 0, 0 ], [ 0, 5, 0, 0, 0, 6, 0 ], [ 1, 0, 3, 1, 0, 0, 6 ], [ 0, 0, 11, 0, 0, 0, 0 ],
      [ 0, 0, 0, 0, 0, 11, 0 ], [ 0, 6, 0, 0, 2, 3, 0 ], [ 0, 0, 6, 0, 0, 0, 5 ] ],
  [ [ 0, 0, 0, 1, 0, 0, 0 ], [ 0, 1, 0, 0, 0, 0, 0 ], [ 0, 0, 1, 0, 0, 0, 0 ], [ 1, 0, 0, 0, 0, 0, 0 ],
      [ 0, 0, 0, 0, 1, 0, 0 ], [ 0, 0, 0, 0, 0, 1, 0 ], [ 0, 0, 0, 0, 0, 0, 1 ] ],
  [ [ 0, 0, 0, 0, 2, 0, 0 ], [ 0, 0, 0, 0, 0, 0, 2 ], [ 0, 0, 0, 0, 0, 2, 0 ], [ 0, 0, 0, 0, 2, 0, 0 ],
      [ 1, 0, 0, 1, 0, 0, 0 ], [ 0, 0, 2, 0, 0, 0, 0 ], [ 0, 2, 0, 0, 0, 0, 0 ] ],
  [ [ 0, 0, 0, 0, 0, 11, 0 ], [ 0, 0, 6, 0, 0, 0, 5 ], [ 0, 6, 0, 0, 2, 3, 0 ], [ 0, 0, 0, 0, 0, 11, 0 ],
      [ 0, 0, 11, 0, 0, 0, 0 ], [ 1, 0, 3, 1, 0, 0, 6 ], [ 0, 5, 0, 0, 0, 6, 0 ] ],
  [ [ 0, 0, 0, 0, 0, 0, 11 ], [ 0, 4, 0, 0, 2, 5, 0 ], [ 0, 0, 6, 0, 0, 0, 5 ], [ 0, 0, 0, 0, 0, 0, 11 ],
      [ 0, 11, 0, 0, 0, 0, 0 ], [ 0, 5, 0, 0, 0, 6, 0 ], [ 1, 0, 5, 1, 0, 0, 4 ] ] ]