 degree:8
 order:80
 [ 8, 8, 1, 6, 8, 48 ][ 1, 0, 0, 0, 1, 0, 0, 1, 1, 0, 1, 0, 0, 1, 1 ] ]
minimal polynomial:
[ x-8, x-2, x, x+2, x+4, x^2-8 ]1
[ x-8, x, x+8 ]
[ x-1, x+1 ]
[ x-6, x, x+2 ]
[ x-8, x-2, x, x+2, x+4, x^2-8 ]
[ x-48, x-8, x, x+4, x+12 ]
 SITA:
[ [ [ 1, 0, 0, 0, 0, 0, 0 ], [ 0, 1, 0, 0, 0, 0, 0 ], [ 0, 0, 1, 0, 0, 0, 0 ], [ 0, 0, 0, 1, 0, 0, 0 ],
      [ 0, 0, 0, 0, 1, 0, 0 ], [ 0, 0, 0, 0, 0, 1, 0 ], [ 0, 0, 0, 0, 0, 0, 1 ] ],
  [ [ 0, 8, 0, 0, 0, 0, 0 ], [ 1, 0, 1, 0, 0, 0, 6 ], [ 0, 1, 0, 0, 0, 1, 6 ], [ 0, 0, 0, 0, 0, 8, 0 ],
      [ 0, 0, 0, 0, 0, 0, 8 ], [ 0, 0, 1, 1, 0, 0, 6 ], [ 0, 1, 1, 0, 1, 1, 4 ] ],
  [ [ 0, 0, 8, 0, 0, 0, 0 ], [ 0, 1, 0, 0, 0, 1, 6 ], [ 1, 0, 0, 1, 6, 0, 0 ], [ 0, 0, 8, 0, 0, 0, 0 ],
      [ 0, 0, 8, 0, 0, 0, 0 ], [ 0, 1, 0, 0, 0, 1, 6 ], [ 0, 1, 0, 0, 0, 1, 6 ] ],
  [ [ 0, 0, 0, 1, 0, 0, 0 ], [ 0, 0, 0, 0, 0, 1, 0 ], [ 0, 0, 1, 0, 0, 0, 0 ], [ 1, 0, 0, 0, 0, 0, 0 ],
      [ 0, 0, 0, 0, 1, 0, 0 ], [ 0, 1, 0, 0, 0, 0, 0 ], [ 0, 0, 0, 0, 0, 0, 1 ] ],
  [ [ 0, 0, 0, 0, 6, 0, 0 ], [ 0, 0, 0, 0, 0, 0, 6 ], [ 0, 0, 6, 0, 0, 0, 0 ], [ 0, 0, 0, 0, 6, 0, 0 ],
      [ 1, 0, 0, 1, 4, 0, 0 ], [ 0, 0, 0, 0, 0, 0, 6 ], [ 0, 1, 0, 0, 0, 1, 4 ] ],
  [ [ 0, 0, 0, 0, 0, 8, 0 ], [ 0, 0, 1, 1, 0, 0, 6 ], [ 0, 1, 0, 0, 0, 1, 6 ], [ 0, 8, 0, 0, 0, 0, 0 ],
      [ 0, 0, 0, 0, 0, 0, 8 ], [ 1, 0, 1, 0, 0, 0, 6 ], [ 0, 1, 1, 0, 1, 1, 4 ] ],
  [ [ 0, 0, 0, 0, 0, 0, 48 ], [ 0, 6, 6, 0, 6, 6, 24 ], [ 0, 6, 0, 0, 0, 6, 36 ], [ 0, 0, 0, 0, 0, 0, 48 ],
      [ 0, 8, 0, 0, 0, 8, 32 ], [ 0, 6, 6, 0, 6, 6, 24 ], [ 1, 4, 6, 1, 4, 4, 28 ] ] ]

