 degree:8
 order:240
 [ 8, 56, 7, 56, 56, 56 ][ 1, 0, 0, 0, 0, 0, 4, 3, 0, 0, 1, 0, 0, 4, 4 ]
minimal polynomial:
[ x-8, x-2, x, x+2, x+8, x^2-12 ]1
[ x-56, x-4, x+4, x+8 ]
[ x-7, x+1 ]
[ x-56, x-16, x, x+16, x+56 ]
[ x-56, x-14, x, x+14, x+56, x^2-12 ]
[ x-56, x-8, x+4 ]
 SITA:
[ [ [ 1, 0, 0, 0, 0, 0, 0 ], [ 0, 1, 0, 0, 0, 0, 0 ], [ 0, 0, 1, 0, 0, 0, 0 ], [ 0, 0, 0, 1, 0, 0, 0 ],
      [ 0, 0, 0, 0, 1, 0, 0 ], [ 0, 0, 0, 0, 0, 1, 0 ], [ 0, 0, 0, 0, 0, 0, 1 ] ],
  [ [ 0, 8, 0, 0, 0, 0, 0 ], [ 1, 0, 7, 0, 0, 0, 0 ], [ 0, 1, 0, 0, 4, 3, 0 ], [ 0, 0, 0, 0, 0, 8, 0 ],
      [ 0, 0, 4, 0, 0, 0, 4 ], [ 0, 0, 3, 1, 0, 0, 4 ], [ 0, 0, 0, 0, 4, 4, 0 ] ],
  [ [ 0, 0, 56, 0, 0, 0, 0 ], [ 0, 7, 0, 0, 28, 21, 0 ], [ 1, 0, 24, 3, 0, 0, 28 ], [ 0, 0, 24, 0, 0, 0, 32 ],
      [ 0, 4, 0, 0, 24, 28, 0 ], [ 0, 3, 0, 0, 28, 25, 0 ], [ 0, 0, 28, 4, 0, 0, 24 ] ],
  [ [ 0, 0, 0, 7, 0, 0, 0 ], [ 0, 0, 0, 0, 0, 7, 0 ], [ 0, 0, 3, 0, 0, 0, 4 ], [ 1, 0, 0, 6, 0, 0, 0 ],
      [ 0, 0, 0, 0, 7, 0, 0 ], [ 0, 1, 0, 0, 0, 6, 0 ], [ 0, 0, 4, 0, 0, 0, 3 ] ],
  [ [ 0, 0, 0, 0, 56, 0, 0 ], [ 0, 0, 28, 0, 0, 0, 28 ], [ 0, 4, 0, 0, 24, 28, 0 ], [ 0, 0, 0, 0, 56, 0, 0 ],
      [ 1, 0, 24, 7, 0, 0, 24 ], [ 0, 0, 28, 0, 0, 0, 28 ], [ 0, 4, 0, 0, 24, 28, 0 ] ],
  [ [ 0, 0, 0, 0, 0, 56, 0 ], [ 0, 0, 21, 7, 0, 0, 28 ], [ 0, 3, 0, 0, 28, 25, 0 ], [ 0, 8, 0, 0, 0, 48, 0 ],
      [ 0, 0, 28, 0, 0, 0, 28 ], [ 1, 0, 25, 6, 0, 0, 24 ], [ 0, 4, 0, 0, 28, 24, 0 ] ],
  [ [ 0, 0, 0, 0, 0, 0, 56 ], [ 0, 0, 0, 0, 28, 28, 0 ], [ 0, 0, 28, 4, 0, 0, 24 ], [ 0, 0, 32, 0, 0, 0, 24 ],
      [ 0, 4, 0, 0, 24, 28, 0 ], [ 0, 4, 0, 0, 28, 24, 0 ], [ 1, 0, 24, 3, 0, 0, 28 ] ] ]
