 degree:12
 order:80
[ 12, 36, 3, 4, 12, 12 ][ 2, 0, 0, 2, 3, 12, 9, 6, 6, 0, 0, 0, 1, 0, 3 ]
minimal polynomial:
[ x-12, x-3, x-1, x, x+3, x+4, x+5 ]
[ x-36, x-5, x-3, x, x+3, x+9, x+12 ]
[ x-3, x+1 ]
[ x-4, x+1 ]
[ x-12, x, x+4 ]
[ x-12, x-1, x+3, x+4 ]

 SITA: 

[ [ [ 1, 0, 0, 0, 0, 0, 0 ], [ 0, 1, 0, 0, 0, 0, 0 ], [ 0, 0, 1, 0, 0, 0, 0 ], [ 0, 0, 0, 1, 0, 0, 0 ],[ 0, 0, 0, 0, 1, 0, 0 ], [ 0, 0, 0, 0, 0, 1, 0 ], [ 0, 0, 0, 0, 0, 0, 1 ] ],
  [ [ 0, 12, 0, 0, 0, 0, 0 ], [ 1, 0, 6, 0, 0, 2, 3 ], [ 0, 2, 4, 1, 1, 2, 2 ], [ 0, 0, 12, 0, 0, 0, 0 ],[ 0, 0, 9, 0, 0, 3, 0 ], [ 0, 2, 6, 0, 1, 0, 3 ], [ 0, 3, 6, 0, 0, 3, 0 ] ],
  [ [ 0, 0, 36, 0, 0, 0, 0 ], [ 0, 6, 12, 3, 3, 6, 6 ], [ 1, 4, 14, 2, 2, 6, 7 ], [ 0, 12, 24, 0, 0, 0, 0 ],[ 0, 9, 18, 0, 0, 9, 0 ], [ 0, 6, 18, 0, 3, 0, 9 ], [ 0, 6, 21, 0, 0, 9, 0 ] ],
  [ [ 0, 0, 0, 3, 0, 0, 0 ], [ 0, 0, 3, 0, 0, 0, 0 ], [ 0, 1, 2, 0, 0, 0, 0 ], [ 1, 0, 0, 2, 0, 0, 0 ],[ 0, 0, 0, 0, 0, 0, 3 ], [ 0, 0, 0, 0, 0, 3, 0 ], [ 0, 0, 0, 0, 1, 0, 2 ] ],
  [ [ 0, 0, 0, 0, 4, 0, 0 ], [ 0, 0, 3, 0, 0, 1, 0 ], [ 0, 1, 2, 0, 0, 1, 0 ], [ 0, 0, 0, 0, 0, 0, 4 ],[ 1, 0, 0, 0, 3, 0, 0 ], [ 0, 1, 3, 0, 0, 0, 0 ], [ 0, 0, 0, 1, 0, 0, 3 ] ],
  [ [ 0, 0, 0, 0, 0, 12, 0 ], [ 0, 2, 6, 0, 1, 0, 3 ], [ 0, 2, 6, 0, 1, 0, 3 ], [ 0, 0, 0, 0, 0, 12, 0 ],[ 0, 3, 9, 0, 0, 0, 0 ], [ 1, 0, 0, 3, 0, 8, 0 ], [ 0, 3, 9, 0, 0, 0, 0 ] ],
  [ [ 0, 0, 0, 0, 0, 0, 12 ], [ 0, 3, 6, 0, 0, 3, 0 ], [ 0, 2, 7, 0, 0, 3, 0 ], [ 0, 0, 0, 0, 4, 0, 8 ],[ 0, 0, 0, 3, 0, 0, 9 ], [ 0, 3, 9, 0, 0, 0, 0 ], [ 1, 0, 0, 2, 3, 0, 6 ] ] ]