 degree:8
 order:240
 [ 8, 28, 7, 56, 56, 84 ][ 2, 0, 0, 0, 0, 0, 2, 1, 0, 0, 1, 0, 0, 4, 4 ]
minimal polynomial:
[ x-8, x-2, x, x+2, x+8, x^2-20 ]1
[ x-28, x-6, x+2, x+4 ]
[ x-7, x+1 ]
[ x-56, x-16, x, x+16, x+56 ]
[ x-56, x-14, x, x+14, x+56, x^2-20 ]
[ x-84, x-4, x+6 ]
 SITA:
[ [ [ 1, 0, 0, 0, 0, 0, 0 ], [ 0, 1, 0, 0, 0, 0, 0 ], [ 0, 0, 1, 0, 0, 0, 0 ], [ 0, 0, 0, 1, 0, 0, 0 ],
      [ 0, 0, 0, 0, 1, 0, 0 ], [ 0, 0, 0, 0, 0, 1, 0 ], [ 0, 0, 0, 0, 0, 0, 1 ] ],
  [ [ 0, 8, 0, 0, 0, 0, 0 ], [ 1, 0, 7, 0, 0, 0, 0 ], [ 0, 2, 0, 0, 4, 2, 0 ], [ 0, 0, 0, 0, 0, 8, 0 ],
      [ 0, 0, 2, 0, 0, 0, 6 ], [ 0, 0, 1, 1, 0, 0, 6 ], [ 0, 0, 0, 0, 4, 4, 0 ] ],
  [ [ 0, 0, 28, 0, 0, 0, 0 ], [ 0, 7, 0, 0, 14, 7, 0 ], [ 1, 0, 8, 1, 0, 0, 18 ], [ 0, 0, 4, 0, 0, 0, 24 ],
      [ 0, 2, 0, 0, 12, 14, 0 ], [ 0, 1, 0, 0, 14, 13, 0 ], [ 0, 0, 6, 2, 0, 0, 20 ] ],
  [ [ 0, 0, 0, 7, 0, 0, 0 ], [ 0, 0, 0, 0, 0, 7, 0 ], [ 0, 0, 1, 0, 0, 0, 6 ], [ 1, 0, 0, 6, 0, 0, 0 ],
      [ 0, 0, 0, 0, 7, 0, 0 ], [ 0, 1, 0, 0, 0, 6, 0 ], [ 0, 0, 2, 0, 0, 0, 5 ] ],
  [ [ 0, 0, 0, 0, 56, 0, 0 ], [ 0, 0, 14, 0, 0, 0, 42 ], [ 0, 4, 0, 0, 24, 28, 0 ], [ 0, 0, 0, 0, 56, 0, 0 ],
      [ 1, 0, 12, 7, 0, 0, 36 ], [ 0, 0, 14, 0, 0, 0, 42 ], [ 0, 4, 0, 0, 24, 28, 0 ] ],
  [ [ 0, 0, 0, 0, 0, 56, 0 ], [ 0, 0, 7, 7, 0, 0, 42 ], [ 0, 2, 0, 0, 28, 26, 0 ], [ 0, 8, 0, 0, 0, 48, 0 ],
      [ 0, 0, 14, 0, 0, 0, 42 ], [ 1, 0, 13, 6, 0, 0, 36 ], [ 0, 4, 0, 0, 28, 24, 0 ] ],
  [ [ 0, 0, 0, 0, 0, 0, 84 ], [ 0, 0, 0, 0, 42, 42, 0 ], [ 0, 0, 18, 6, 0, 0, 60 ], [ 0, 0, 24, 0, 0, 0, 60 ],
      [ 0, 6, 0, 0, 36, 42, 0 ], [ 0, 6, 0, 0, 42, 36, 0 ], [ 1, 0, 20, 5, 0, 0, 58 ] ] ]

