 degree:10
 order:176
[ 10, 15, 30, 30, 30, 60 ][ 2, 2, 0, 0, 0, 0, 4, 0, 0, 0, 4, 2, 2, 2, 2 ]
minimal polynomial:
[ x-10, x-4, x, x+2, x+6, x^2+2*x-32 ]1
[ x-15, x+1 ]
[ x-30, x-14, x-4, x+2, x+4, x^2+6*x-24 ]
[ x-30, x-6, x-2, x, x+4, x^2+6*x-288 ]
[ x-30, x-6, x, x+4, x+10, x^2+6*x-24 ]
[ x-60, x-8, x+4, x^2+12*x-96 ]
 SITA:

[ [ [ 1, 0, 0, 0, 0, 0, 0 ], [ 0, 1, 0, 0, 0, 0, 0 ], [ 0, 0, 1, 0, 0, 0, 0 ], [ 0, 0, 0, 1, 0, 0, 0 ],[ 0, 0, 0, 0, 1, 0, 0 ], [ 0, 0, 0, 0, 0, 1, 0 ], [ 0, 0, 0, 0, 0, 0, 1 ] ],
  [ [ 0, 10, 0, 0, 0, 0, 0 ], [ 1, 0, 3, 6, 0, 0, 0 ], [ 0, 2, 0, 0, 8, 0, 0 ], [ 0, 2, 0, 0, 0, 4, 4 ],[ 0, 0, 4, 0, 0, 2, 4 ], [ 0, 0, 0, 4, 2, 0, 4 ], [ 0, 0, 0, 2, 2, 2, 4 ] ],
  [ [ 0, 0, 15, 0, 0, 0, 0 ], [ 0, 3, 0, 0, 12, 0, 0 ], [ 1, 0, 14, 0, 0, 0, 0 ], [ 0, 0, 0, 3, 0, 4, 8 ],[ 0, 4, 0, 0, 11, 0, 0 ], [ 0, 0, 0, 4, 0, 3, 8 ], [ 0, 0, 0, 4, 0, 4, 7 ] ],
  [ [ 0, 0, 0, 30, 0, 0, 0 ], [ 0, 6, 0, 0, 0, 12, 12 ], [ 0, 0, 0, 6, 0, 8, 16 ], [ 1, 0, 3, 10, 8, 0, 8 ],[ 0, 0, 0, 8, 6, 4, 12 ], [ 0, 4, 4, 0, 4, 6, 12 ], [ 0, 2, 4, 4, 6, 6, 8 ] ],
  [ [ 0, 0, 0, 0, 30, 0, 0 ], [ 0, 0, 12, 0, 0, 6, 12 ], [ 0, 8, 0, 0, 22, 0, 0 ], [ 0, 0, 0, 8, 6, 4, 12 ],[ 1, 0, 11, 6, 0, 4, 8 ], [ 0, 2, 0, 4, 4, 8, 12 ], [ 0, 2, 0, 6, 4, 6, 12 ] ],
  [ [ 0, 0, 0, 0, 0, 30, 0 ], [ 0, 0, 0, 12, 6, 0, 12 ], [ 0, 0, 0, 8, 0, 6, 16 ], [ 0, 4, 4, 0, 4, 6, 12 ],[ 0, 2, 0, 4, 4, 8, 12 ], [ 1, 0, 3, 6, 8, 4, 8 ], [ 0, 2, 4, 6, 6, 4, 8 ] ],
  [ [ 0, 0, 0, 0, 0, 0, 60 ], [ 0, 0, 0, 12, 12, 12, 24 ], [ 0, 0, 0, 16, 0, 16, 28 ], [ 0, 4, 8, 8, 12, 12, 16 ],[ 0, 4, 0, 12, 8, 12, 24 ], [ 0, 4, 8, 12, 12, 8, 16 ], [ 1, 4, 7, 8, 12, 8, 20 ] ] ]

