 degree:9
 order:132
 [ 9, 18, 2, 27, 30, 45 ][ 3, 9, 0, 0, 0, 0, 4, 0, 0, 0, 0, 0, 0, 3, 6 ]
minimal polynomial:
[ x-9, x-3, x, x+3, x+9, x^2-48 ]1
[ x-18, x-7, x, x+6 ]
[ x-2, x+1 ]
[ x-27, x-9, x, x+9, x+27, x^2-3 ]
[ x-30, x-6, x, x+6, x+30, x^2-75 ]
[ x-45, x-3, x, x+10 ]
 SITA:
[ [ [ 1, 0, 0, 0, 0, 0, 0 ], [ 0, 1, 0, 0, 0, 0, 0 ], [ 0, 0, 1, 0, 0, 0, 0 ], [ 0, 0, 0, 1, 0, 0, 0 ],
      [ 0, 0, 0, 0, 1, 0, 0 ], [ 0, 0, 0, 0, 0, 1, 0 ], [ 0, 0, 0, 0, 0, 0, 1 ] ],
  [ [ 0, 9, 0, 0, 0, 0, 0 ], [ 1, 0, 6, 2, 0, 0, 0 ], [ 0, 3, 0, 0, 6, 0, 0 ], [ 0, 9, 0, 0, 0, 0, 0 ],
      [ 0, 0, 4, 0, 0, 0, 5 ], [ 0, 0, 0, 0, 0, 0, 9 ], [ 0, 0, 0, 0, 3, 6, 0 ] ],
  [ [ 0, 0, 18, 0, 0, 0, 0 ], [ 0, 6, 0, 0, 12, 0, 0 ], [ 1, 0, 5, 2, 0, 0, 10 ], [ 0, 0, 18, 0, 0, 0, 0 ],
      [ 0, 4, 0, 0, 4, 10, 0 ], [ 0, 0, 0, 0, 9, 9, 0 ], [ 0, 0, 4, 0, 0, 0, 14 ] ],
  [ [ 0, 0, 0, 2, 0, 0, 0 ], [ 0, 2, 0, 0, 0, 0, 0 ], [ 0, 0, 2, 0, 0, 0, 0 ], [ 1, 0, 0, 1, 0, 0, 0 ],
      [ 0, 0, 0, 0, 2, 0, 0 ], [ 0, 0, 0, 0, 0, 2, 0 ], [ 0, 0, 0, 0, 0, 0, 2 ] ],
  [ [ 0, 0, 0, 0, 27, 0, 0 ], [ 0, 0, 12, 0, 0, 0, 15 ], [ 0, 6, 0, 0, 6, 15, 0 ], [ 0, 0, 0, 0, 27, 0, 0 ],
      [ 1, 0, 4, 2, 0, 0, 20 ], [ 0, 0, 9, 0, 0, 0, 18 ], [ 0, 3, 0, 0, 12, 12, 0 ] ],
  [ [ 0, 0, 0, 0, 0, 30, 0 ], [ 0, 0, 0, 0, 0, 0, 30 ], [ 0, 0, 0, 0, 15, 15, 0 ], [ 0, 0, 0, 0, 0, 30, 0 ],
      [ 0, 0, 10, 0, 0, 0, 20 ], [ 1, 0, 9, 2, 0, 0, 18 ], [ 0, 6, 0, 0, 12, 12, 0 ] ],
  [ [ 0, 0, 0, 0, 0, 0, 45 ], [ 0, 0, 0, 0, 15, 30, 0 ], [ 0, 0, 10, 0, 0, 0, 35 ], [ 0, 0, 0, 0, 0, 0, 45 ],
      [ 0, 5, 0, 0, 20, 20, 0 ], [ 0, 9, 0, 0, 18, 18, 0 ], [ 1, 0, 14, 2, 0, 0, 28 ] ] ]

