 degree:12
 order:117
[ 12, 36, 4, 4, 24, 36 ][ 1, 0, 6, 0, 2, 0, 0, 3, 3, 0, 2, 0, 1, 0, 4 ]
minimal polynomial:
[ x-12, x, x^2-18, x^3+3*x^2-36*x+27 ]1
[ x-36, x, x^3+9*x^2-324*x+729 ]
[ x-4, x-1, x+2 ]
[ x-4, x-1, x+2 ]
[ x-24, x, x^2-18, x^3+6*x^2-144*x+216 ]
[ x-36, x, x^3+9*x^2-324*x+729 ]

 SITA: 

[ [ [ 1, 0, 0, 0, 0, 0, 0 ], [ 0, 1, 0, 0, 0, 0, 0 ], [ 0, 0, 1, 0, 0, 0, 0 ], [ 0, 0, 0, 1, 0, 0, 0 ],[ 0, 0, 0, 0, 1, 0, 0 ], [ 0, 0, 0, 0, 0, 1, 0 ], [ 0, 0, 0, 0, 0, 0, 1 ] ],
  [ [ 0, 12, 0, 0, 0, 0, 0 ], [ 1, 0, 3, 0, 2, 0, 6 ], [ 0, 1, 6, 0, 0, 2, 3 ], [ 0, 0, 0, 0, 0, 12, 0 ],[ 0, 6, 0, 0, 0, 6, 0 ], [ 0, 0, 3, 2, 1, 0, 6 ], [ 0, 2, 3, 0, 0, 4, 3 ] ],
  [ [ 0, 0, 36, 0, 0, 0, 0 ], [ 0, 3, 18, 0, 0, 6, 9 ], [ 1, 6, 0, 4, 4, 12, 9 ], [ 0, 0, 36, 0, 0, 0, 0 ],[ 0, 0, 36, 0, 0, 0, 0 ], [ 0, 3, 18, 0, 0, 6, 9 ], [ 0, 3, 9, 0, 0, 6, 18 ] ],
  [ [ 0, 0, 0, 4, 0, 0, 0 ], [ 0, 0, 0, 0, 0, 4, 0 ], [ 0, 0, 4, 0, 0, 0, 0 ], [ 1, 0, 0, 1, 2, 0, 0 ],[ 0, 0, 0, 2, 2, 0, 0 ], [ 0, 2, 0, 0, 0, 2, 0 ], [ 0, 0, 0, 0, 0, 0, 4 ] ],
  [ [ 0, 0, 0, 0, 4, 0, 0 ], [ 0, 2, 0, 0, 0, 2, 0 ], [ 0, 0, 4, 0, 0, 0, 0 ], [ 0, 0, 0, 2, 2, 0, 0 ],[ 1, 0, 0, 2, 1, 0, 0 ], [ 0, 1, 0, 0, 0, 3, 0 ], [ 0, 0, 0, 0, 0, 0, 4 ] ],
  [ [ 0, 0, 0, 0, 0, 24, 0 ], [ 0, 0, 6, 4, 2, 0, 12 ], [ 0, 2, 12, 0, 0, 4, 6 ], [ 0, 12, 0, 0, 0, 12, 0 ],[ 0, 6, 0, 0, 0, 18, 0 ], [ 1, 0, 6, 2, 3, 0, 12 ], [ 0, 4, 6, 0, 0, 8, 6 ] ],
  [ [ 0, 0, 0, 0, 0, 0, 36 ], [ 0, 6, 9, 0, 0, 12, 9 ], [ 0, 3, 9, 0, 0, 6, 18 ], [ 0, 0, 0, 0, 0, 0, 36 ],[ 0, 0, 0, 0, 0, 0, 36 ], [ 0, 6, 9, 0, 0, 12, 9 ], [ 1, 3, 18, 4, 4, 6, 0 ] ] ]