 degree:8
 order:96
 [ 8, 12, 3, 16, 24, 32 ][ 2, 0, 0, 0, 1, 0, 0, 3, 0, 0, 1, 0, 0, 4, 3 ]
minimal polynomial:
[ x-8, x-4, x, x+4, x+8, x^2-8 ]1
[ x-12, x, x+4 ]
[ x-3, x+1 ]
[ x-16, x, x+16 ]
[ x-24, x-12, x, x+12, x+24, x^2-8 ]
[ x-32, x, x+16 ]
 SITA:
[ [ [ 1, 0, 0, 0, 0, 0, 0 ], [ 0, 1, 0, 0, 0, 0, 0 ], [ 0, 0, 1, 0, 0, 0, 0 ], [ 0, 0, 0, 1, 0, 0, 0 ],
      [ 0, 0, 0, 0, 1, 0, 0 ], [ 0, 0, 0, 0, 0, 1, 0 ], [ 0, 0, 0, 0, 0, 0, 1 ] ],
  [ [ 0, 8, 0, 0, 0, 0, 0 ], [ 1, 0, 3, 0, 0, 0, 4 ], [ 0, 2, 0, 0, 0, 6, 0 ], [ 0, 0, 0, 0, 0, 8, 0 ],
      [ 0, 0, 0, 0, 0, 0, 8 ], [ 0, 0, 3, 1, 0, 0, 4 ], [ 0, 1, 0, 0, 4, 3, 0 ] ],
  [ [ 0, 0, 12, 0, 0, 0, 0 ], [ 0, 3, 0, 0, 0, 9, 0 ], [ 1, 0, 8, 3, 0, 0, 0 ], [ 0, 0, 12, 0, 0, 0, 0 ],
      [ 0, 0, 0, 0, 12, 0, 0 ], [ 0, 3, 0, 0, 0, 9, 0 ], [ 0, 0, 0, 0, 0, 0, 12 ] ],
  [ [ 0, 0, 0, 3, 0, 0, 0 ], [ 0, 0, 0, 0, 0, 3, 0 ], [ 0, 0, 3, 0, 0, 0, 0 ], [ 1, 0, 0, 2, 0, 0, 0 ],
      [ 0, 0, 0, 0, 3, 0, 0 ], [ 0, 1, 0, 0, 0, 2, 0 ], [ 0, 0, 0, 0, 0, 0, 3 ] ],
  [ [ 0, 0, 0, 0, 16, 0, 0 ], [ 0, 0, 0, 0, 0, 0, 16 ], [ 0, 0, 0, 0, 16, 0, 0 ], [ 0, 0, 0, 0, 16, 0, 0 ],
      [ 1, 0, 12, 3, 0, 0, 0 ], [ 0, 0, 0, 0, 0, 0, 16 ], [ 0, 4, 0, 0, 0, 12, 0 ] ],
  [ [ 0, 0, 0, 0, 0, 24, 0 ], [ 0, 0, 9, 3, 0, 0, 12 ], [ 0, 6, 0, 0, 0, 18, 0 ], [ 0, 8, 0, 0, 0, 16, 0 ],
      [ 0, 0, 0, 0, 0, 0, 24 ], [ 1, 0, 9, 2, 0, 0, 12 ], [ 0, 3, 0, 0, 12, 9, 0 ] ],
  [ [ 0, 0, 0, 0, 0, 0, 32 ], [ 0, 4, 0, 0, 16, 12, 0 ], [ 0, 0, 0, 0, 0, 0, 32 ], [ 0, 0, 0, 0, 0, 0, 32 ],
      [ 0, 8, 0, 0, 0, 24, 0 ], [ 0, 4, 0, 0, 16, 12, 0 ], [ 1, 0, 12, 3, 0, 0, 16 ] ] ]
