 degree:10
 order:36
[ 10, 10, 1, 2, 2, 10 ][ 4, 0, 5, 0, 2, 0, 5, 5, 4, 0, 0, 1, 0, 0, 1 ]
minimal polynomial:
[ x-10, x-1, x, x+2, x+5, x^2-15 ]1
[ x-10, x, x+2 ]
[ x-1, x+1 ]
[ x-2, x-1, x+1, x+2 ]
[ x-2, x+1 ]
[ x-10, x-1, x, x+2, x+5, x^2-15 ]
 SITA:


[ [ [ 1, 0, 0, 0, 0, 0, 0 ], [ 0, 1, 0, 0, 0, 0, 0 ], [ 0, 0, 1, 0, 0, 0, 0 ], [ 0, 0, 0, 1, 0, 0, 0 ],
      [ 0, 0, 0, 0, 1, 0, 0 ], [ 0, 0, 0, 0, 0, 1, 0 ], [ 0, 0, 0, 0, 0, 0, 1 ] ],
  [ [ 0, 10, 0, 0, 0, 0, 0 ], [ 1, 2, 4, 0, 1, 0, 2 ], [ 0, 4, 0, 0, 1, 1, 4 ], [ 0, 0, 0, 0, 0, 0, 10 ],
      [ 0, 5, 5, 0, 0, 0, 0 ], [ 0, 0, 5, 0, 0, 0, 5 ], [ 0, 2, 4, 1, 0, 1, 2 ] ],
  [ [ 0, 0, 10, 0, 0, 0, 0 ], [ 0, 4, 0, 0, 1, 1, 4 ], [ 1, 0, 8, 1, 0, 0, 0 ], [ 0, 0, 10, 0, 0, 0, 0 ],
      [ 0, 5, 0, 0, 0, 0, 5 ], [ 0, 5, 0, 0, 0, 0, 5 ], [ 0, 4, 0, 0, 1, 1, 4 ] ],
  [ [ 0, 0, 0, 1, 0, 0, 0 ], [ 0, 0, 0, 0, 0, 0, 1 ], [ 0, 0, 1, 0, 0, 0, 0 ], [ 1, 0, 0, 0, 0, 0, 0 ],
      [ 0, 0, 0, 0, 0, 1, 0 ], [ 0, 0, 0, 0, 1, 0, 0 ], [ 0, 1, 0, 0, 0, 0, 0 ] ],
  [ [ 0, 0, 0, 0, 2, 0, 0 ], [ 0, 1, 1, 0, 0, 0, 0 ], [ 0, 1, 0, 0, 0, 0, 1 ], [ 0, 0, 0, 0, 0, 2, 0 ],
      [ 1, 0, 0, 0, 0, 1, 0 ], [ 0, 0, 0, 1, 1, 0, 0 ], [ 0, 0, 1, 0, 0, 0, 1 ] ],
  [ [ 0, 0, 0, 0, 0, 2, 0 ], [ 0, 0, 1, 0, 0, 0, 1 ], [ 0, 1, 0, 0, 0, 0, 1 ], [ 0, 0, 0, 0, 2, 0, 0 ],
      [ 0, 0, 0, 1, 1, 0, 0 ], [ 1, 0, 0, 0, 0, 1, 0 ], [ 0, 1, 1, 0, 0, 0, 0 ] ],
  [ [ 0, 0, 0, 0, 0, 0, 10 ], [ 0, 2, 4, 1, 0, 1, 2 ], [ 0, 4, 0, 0, 1, 1, 4 ], [ 0, 10, 0, 0, 0, 0, 0 ],
      [ 0, 0, 5, 0, 0, 0, 5 ], [ 0, 5, 5, 0, 0, 0, 0 ], [ 1, 2, 4, 0, 1, 0, 2 ] ] ]