 degree:11
 order:72
[ 11, 11, 2, 11, 14, 22 ][ 4, 11, 0, 0, 2, 0, 7, 0, 0, 0, 0, 0, 0, 2, 7 ]
minimal polynomial:
[ x-11, x-7, x, x+7, x+11, x^2-21 ]1
[ x-11, x, x+3 ]
[ x-2, x+1 ]
[ x-11, x-7, x, x+7, x+11, x^2-21 ]
[ x-14, x, x+14 ]
[ x-22, x, x+14 ]
 SITA:

[ [ [ 1, 0, 0, 0, 0, 0, 0 ], [ 0, 1, 0, 0, 0, 0, 0 ], [ 0, 0, 1, 0, 0, 0, 0 ], [ 0, 0, 0, 1, 0, 0, 0 ],
      [ 0, 0, 0, 0, 1, 0, 0 ], [ 0, 0, 0, 0, 0, 1, 0 ], [ 0, 0, 0, 0, 0, 0, 1 ] ],
  [ [ 0, 11, 0, 0, 0, 0, 0 ], [ 1, 0, 4, 2, 0, 0, 4 ], [ 0, 4, 0, 0, 7, 0, 0 ], [ 0, 11, 0, 0, 0, 0, 0 ],
      [ 0, 0, 7, 0, 0, 0, 4 ], [ 0, 0, 0, 0, 0, 0, 11 ], [ 0, 2, 0, 0, 2, 7, 0 ] ],
  [ [ 0, 0, 11, 0, 0, 0, 0 ], [ 0, 4, 0, 0, 7, 0, 0 ], [ 1, 0, 8, 2, 0, 0, 0 ], [ 0, 0, 11, 0, 0, 0, 0 ],
      [ 0, 7, 0, 0, 4, 0, 0 ], [ 0, 0, 0, 0, 0, 11, 0 ], [ 0, 0, 0, 0, 0, 0, 11 ] ],
  [ [ 0, 0, 0, 2, 0, 0, 0 ], [ 0, 2, 0, 0, 0, 0, 0 ], [ 0, 0, 2, 0, 0, 0, 0 ], [ 1, 0, 0, 1, 0, 0, 0 ],
      [ 0, 0, 0, 0, 2, 0, 0 ], [ 0, 0, 0, 0, 0, 2, 0 ], [ 0, 0, 0, 0, 0, 0, 2 ] ],
  [ [ 0, 0, 0, 0, 11, 0, 0 ], [ 0, 0, 7, 0, 0, 0, 4 ], [ 0, 7, 0, 0, 4, 0, 0 ], [ 0, 0, 0, 0, 11, 0, 0 ],
      [ 1, 0, 4, 2, 0, 0, 4 ], [ 0, 0, 0, 0, 0, 0, 11 ], [ 0, 2, 0, 0, 2, 7, 0 ] ],
  [ [ 0, 0, 0, 0, 0, 14, 0 ], [ 0, 0, 0, 0, 0, 0, 14 ], [ 0, 0, 0, 0, 0, 14, 0 ], [ 0, 0, 0, 0, 0, 14, 0 ],
      [ 0, 0, 0, 0, 0, 0, 14 ], [ 1, 0, 11, 2, 0, 0, 0 ], [ 0, 7, 0, 0, 7, 0, 0 ] ],
  [ [ 0, 0, 0, 0, 0, 0, 22 ], [ 0, 4, 0, 0, 4, 14, 0 ], [ 0, 0, 0, 0, 0, 0, 22 ], [ 0, 0, 0, 0, 0, 0, 22 ],
      [ 0, 4, 0, 0, 4, 14, 0 ], [ 0, 11, 0, 0, 11, 0, 0 ], [ 1, 0, 11, 2, 0, 0, 8 ] ] ]