 degree:12
 order:80
[ 12, 36, 1, 6, 12, 12 ][ 2, 0, 6, 0, 1, 0, 0, 12, 6, 0, 0, 1, 0, 3, 0 ]
minimal polynomial:
[ x-12, x-6, x, x+4, x+8, x^2-12 ]1
[ x-36, x-16, x, x+12 ]
[ x-1, x+1 ]
[ x-6, x, x+2 ]
[ x-12, x, x+8 ]
[ x-12, x-6, x, x+4, x+8, x^2-12 ]

 SITA: 

[ [ [ 1, 0, 0, 0, 0, 0, 0 ], [ 0, 1, 0, 0, 0, 0, 0 ], [ 0, 0, 1, 0, 0, 0, 0 ], [ 0, 0, 0, 1, 0, 0, 0 ],[ 0, 0, 0, 0, 1, 0, 0 ], [ 0, 0, 0, 0, 0, 1, 0 ], [ 0, 0, 0, 0, 0, 0, 1 ] ],
  [ [ 0, 12, 0, 0, 0, 0, 0 ], [ 1, 1, 6, 0, 3, 0, 1 ], [ 0, 2, 4, 0, 0, 4, 2 ], [ 0, 0, 0, 0, 0, 0, 12 ],[ 0, 6, 0, 0, 0, 0, 6 ], [ 0, 0, 12, 0, 0, 0, 0 ], [ 0, 1, 6, 1, 3, 0, 1 ] ],
  [ [ 0, 0, 36, 0, 0, 0, 0 ], [ 0, 6, 12, 0, 0, 12, 6 ], [ 1, 4, 16, 1, 6, 4, 4 ], [ 0, 0, 36, 0, 0, 0, 0 ],[ 0, 0, 36, 0, 0, 0, 0 ], [ 0, 12, 12, 0, 0, 0, 12 ], [ 0, 6, 12, 0, 0, 12, 6 ] ],
  [ [ 0, 0, 0, 1, 0, 0, 0 ], [ 0, 0, 0, 0, 0, 0, 1 ], [ 0, 0, 1, 0, 0, 0, 0 ], [ 1, 0, 0, 0, 0, 0, 0 ],[ 0, 0, 0, 0, 1, 0, 0 ], [ 0, 0, 0, 0, 0, 1, 0 ], [ 0, 1, 0, 0, 0, 0, 0 ] ],
  [ [ 0, 0, 0, 0, 6, 0, 0 ], [ 0, 3, 0, 0, 0, 0, 3 ], [ 0, 0, 6, 0, 0, 0, 0 ], [ 0, 0, 0, 0, 6, 0, 0 ],[ 1, 0, 0, 1, 4, 0, 0 ], [ 0, 0, 0, 0, 0, 6, 0 ], [ 0, 3, 0, 0, 0, 0, 3 ] ],
  [ [ 0, 0, 0, 0, 0, 12, 0 ], [ 0, 0, 12, 0, 0, 0, 0 ], [ 0, 4, 4, 0, 0, 0, 4 ], [ 0, 0, 0, 0, 0, 12, 0 ],[ 0, 0, 0, 0, 0, 12, 0 ], [ 1, 0, 0, 1, 6, 4, 0 ], [ 0, 0, 12, 0, 0, 0, 0 ] ],
  [ [ 0, 0, 0, 0, 0, 0, 12 ], [ 0, 1, 6, 1, 3, 0, 1 ], [ 0, 2, 4, 0, 0, 4, 2 ], [ 0, 12, 0, 0, 0, 0, 0 ],[ 0, 6, 0, 0, 0, 0, 6 ], [ 0, 0, 12, 0, 0, 0, 0 ], [ 1, 1, 6, 0, 3, 0, 1 ] ] ]
