 degree:8
 order:240
 [ 8, 14, 7, 56, 56, 98 ][ 4, 0, 0, 0, 0, 0, 1, 0, 0, 0, 1, 0, 0, 4, 4 ]
minimal polynomial:
[ x-8, x-6, x-2, x, x+2, x+6, x+8 ]
[ x-14, x-7, x+1, x+2 ]
[ x-7, x+1 ]
[ x-56, x-16, x, x+16, x+56 ]
[ x-56, x-14, x-6, x, x+6, x+14, x+56 ]
[ x-98, x-2, x+7 ]
 SITA:
[ [ [ 1, 0, 0, 0, 0, 0, 0 ], [ 0, 1, 0, 0, 0, 0, 0 ], [ 0, 0, 1, 0, 0, 0, 0 ], [ 0, 0, 0, 1, 0, 0, 0 ],
      [ 0, 0, 0, 0, 1, 0, 0 ], [ 0, 0, 0, 0, 0, 1, 0 ], [ 0, 0, 0, 0, 0, 0, 1 ] ],
  [ [ 0, 8, 0, 0, 0, 0, 0 ], [ 1, 0, 7, 0, 0, 0, 0 ], [ 0, 4, 0, 0, 4, 0, 0 ], [ 0, 0, 0, 0, 0, 8, 0 ],
      [ 0, 0, 1, 0, 0, 0, 7 ], [ 0, 0, 0, 1, 0, 0, 7 ], [ 0, 0, 0, 0, 4, 4, 0 ] ],
  [ [ 0, 0, 14, 0, 0, 0, 0 ], [ 0, 7, 0, 0, 7, 0, 0 ], [ 1, 0, 6, 0, 0, 0, 7 ], [ 0, 0, 0, 0, 0, 0, 14 ],
      [ 0, 1, 0, 0, 6, 7, 0 ], [ 0, 0, 0, 0, 7, 7, 0 ], [ 0, 0, 1, 1, 0, 0, 12 ] ],
  [ [ 0, 0, 0, 7, 0, 0, 0 ], [ 0, 0, 0, 0, 0, 7, 0 ], [ 0, 0, 0, 0, 0, 0, 7 ], [ 1, 0, 0, 6, 0, 0, 0 ],
      [ 0, 0, 0, 0, 7, 0, 0 ], [ 0, 1, 0, 0, 0, 6, 0 ], [ 0, 0, 1, 0, 0, 0, 6 ] ],
  [ [ 0, 0, 0, 0, 56, 0, 0 ], [ 0, 0, 7, 0, 0, 0, 49 ], [ 0, 4, 0, 0, 24, 28, 0 ], [ 0, 0, 0, 0, 56, 0, 0 ],
      [ 1, 0, 6, 7, 0, 0, 42 ], [ 0, 0, 7, 0, 0, 0, 49 ], [ 0, 4, 0, 0, 24, 28, 0 ] ],
  [ [ 0, 0, 0, 0, 0, 56, 0 ], [ 0, 0, 0, 7, 0, 0, 49 ], [ 0, 0, 0, 0, 28, 28, 0 ], [ 0, 8, 0, 0, 0, 48, 0 ],
      [ 0, 0, 7, 0, 0, 0, 49 ], [ 1, 0, 7, 6, 0, 0, 42 ], [ 0, 4, 0, 0, 28, 24, 0 ] ],
  [ [ 0, 0, 0, 0, 0, 0, 98 ], [ 0, 0, 0, 0, 49, 49, 0 ], [ 0, 0, 7, 7, 0, 0, 84 ], [ 0, 0, 14, 0, 0, 0, 84 ],
      [ 0, 7, 0, 0, 42, 49, 0 ], [ 0, 7, 0, 0, 49, 42, 0 ], [ 1, 0, 12, 6, 0, 0, 79 ] ] ]


