 degree:8
 order:196
 [ 8, 48, 1, 42, 48, 48 ][ 1, 8, 0, 0, 0, 0, 0, 7, 0, 0, 0, 0, 0, 7, 1 ]
minimal polynomial:
[ x-8, x, x+8, x^4-64*x^2+686 ]3
[ x-48, x, x^2-32*x-82 ]
[ x-1, x+1 ]
[ x-42, x, x+42, x^4-1288*x^2+686 ]
[ x-48, x, x+48, x^4-848*x^2+16184 ]
[ x-48, x, x^2+36*x-14 ]
 SITA:
[ [ [ 1, 0, 0, 0, 0, 0, 0 ], [ 0, 1, 0, 0, 0, 0, 0 ], [ 0, 0, 1, 0, 0, 0, 0 ], [ 0, 0, 0, 1, 0, 0, 0 ],
      [ 0, 0, 0, 0, 1, 0, 0 ], [ 0, 0, 0, 0, 0, 1, 0 ], [ 0, 0, 0, 0, 0, 0, 1 ] ],
  [ [ 0, 8, 0, 0, 0, 0, 0 ], [ 1, 0, 6, 1, 0, 0, 0 ], [ 0, 1, 0, 0, 0, 7, 0 ], [ 0, 8, 0, 0, 0, 0, 0 ],
      [ 0, 0, 0, 0, 0, 0, 8 ], [ 0, 0, 7, 0, 0, 0, 1 ], [ 0, 0, 0, 0, 7, 1, 0 ] ],
  [ [ 0, 0, 48, 0, 0, 0, 0 ], [ 0, 6, 0, 0, 0, 42, 0 ], [ 1, 0, 39, 1, 0, 0, 7 ], [ 0, 0, 48, 0, 0, 0, 0 ],
      [ 0, 0, 0, 0, 40, 8, 0 ], [ 0, 7, 0, 0, 7, 34, 0 ], [ 0, 0, 7, 0, 0, 0, 41 ] ],
  [ [ 0, 0, 0, 1, 0, 0, 0 ], [ 0, 1, 0, 0, 0, 0, 0 ], [ 0, 0, 1, 0, 0, 0, 0 ], [ 1, 0, 0, 0, 0, 0, 0 ],
      [ 0, 0, 0, 0, 1, 0, 0 ], [ 0, 0, 0, 0, 0, 1, 0 ], [ 0, 0, 0, 0, 0, 0, 1 ] ],
  [ [ 0, 0, 0, 0, 42, 0, 0 ], [ 0, 0, 0, 0, 0, 0, 42 ], [ 0, 0, 0, 0, 35, 7, 0 ], [ 0, 0, 0, 0, 42, 0, 0 ],
      [ 1, 0, 40, 1, 0, 0, 0 ], [ 0, 0, 7, 0, 0, 0, 35 ], [ 0, 7, 0, 0, 0, 35, 0 ] ],
  [ [ 0, 0, 0, 0, 0, 48, 0 ], [ 0, 0, 42, 0, 0, 0, 6 ], [ 0, 7, 0, 0, 7, 34, 0 ], [ 0, 0, 0, 0, 0, 48, 0 ],
      [ 0, 0, 8, 0, 0, 0, 40 ], [ 1, 0, 34, 1, 0, 0, 12 ], [ 0, 1, 0, 0, 35, 12, 0 ] ],
  [ [ 0, 0, 0, 0, 0, 0, 48 ], [ 0, 0, 0, 0, 42, 6, 0 ], [ 0, 0, 7, 0, 0, 0, 41 ], [ 0, 0, 0, 0, 0, 0, 48 ],
      [ 0, 8, 0, 0, 0, 40, 0 ], [ 0, 1, 0, 0, 35, 12, 0 ], [ 1, 0, 41, 1, 0, 0, 5 ] ] ]
