 degree:8
 order:72
 [ 8, 8, 3, 4, 24, 24 ][ 1, 0, 0, 0, 2, 0, 2, 2, 0, 0, 1, 0, 0, 1, 5 ]
minimal polynomial:
[ x-8, x-3, x-1, x, x+1, x+3, x+8 ]
[ x-8, x+1 ]
[ x-3, x+1 ]
[ x-4, x, x+4 ]
[ x-24, x-3, x, x+3, x+24 ]
[ x-24, x-1, x+3, x+8 ]
 SITA:
[ [ [ 1, 0, 0, 0, 0, 0, 0 ], [ 0, 1, 0, 0, 0, 0, 0 ], [ 0, 0, 1, 0, 0, 0, 0 ], [ 0, 0, 0, 1, 0, 0, 0 ],
      [ 0, 0, 0, 0, 1, 0, 0 ], [ 0, 0, 0, 0, 0, 1, 0 ], [ 0, 0, 0, 0, 0, 0, 1 ] ],
  [ [ 0, 8, 0, 0, 0, 0, 0 ], [ 1, 0, 1, 0, 0, 0, 6 ], [ 0, 1, 0, 0, 1, 6, 0 ], [ 0, 0, 0, 0, 0, 8, 0 ],
      [ 0, 0, 2, 0, 0, 0, 6 ], [ 0, 0, 2, 1, 0, 0, 5 ], [ 0, 2, 0, 0, 1, 5, 0 ] ],
  [ [ 0, 0, 8, 0, 0, 0, 0 ], [ 0, 1, 0, 0, 1, 6, 0 ], [ 1, 0, 7, 0, 0, 0, 0 ], [ 0, 0, 0, 0, 0, 0, 8 ],
      [ 0, 2, 0, 0, 0, 6, 0 ], [ 0, 2, 0, 0, 1, 5, 0 ], [ 0, 0, 0, 1, 0, 0, 7 ] ],
  [ [ 0, 0, 0, 3, 0, 0, 0 ], [ 0, 0, 0, 0, 0, 3, 0 ], [ 0, 0, 0, 0, 0, 0, 3 ], [ 1, 0, 0, 2, 0, 0, 0 ],
      [ 0, 0, 0, 0, 3, 0, 0 ], [ 0, 1, 0, 0, 0, 2, 0 ], [ 0, 0, 1, 0, 0, 0, 2 ] ],
  [ [ 0, 0, 0, 0, 4, 0, 0 ], [ 0, 0, 1, 0, 0, 0, 3 ], [ 0, 1, 0, 0, 0, 3, 0 ], [ 0, 0, 0, 0, 4, 0, 0 ],
      [ 1, 0, 0, 3, 0, 0, 0 ], [ 0, 0, 1, 0, 0, 0, 3 ], [ 0, 1, 0, 0, 0, 3, 0 ] ],
  [ [ 0, 0, 0, 0, 0, 24, 0 ], [ 0, 0, 6, 3, 0, 0, 15 ], [ 0, 6, 0, 0, 3, 15, 0 ], [ 0, 8, 0, 0, 0, 16, 0 ],
      [ 0, 0, 6, 0, 0, 0, 18 ], [ 1, 0, 5, 2, 0, 0, 16 ], [ 0, 5, 0, 0, 3, 16, 0 ] ],
  [ [ 0, 0, 0, 0, 0, 0, 24 ], [ 0, 6, 0, 0, 3, 15, 0 ], [ 0, 0, 0, 3, 0, 0, 21 ], [ 0, 0, 8, 0, 0, 0, 16 ],
      [ 0, 6, 0, 0, 0, 18, 0 ], [ 0, 5, 0, 0, 3, 16, 0 ], [ 1, 0, 7, 2, 0, 0, 14 ] ] ]


