 degree:10
 order:160
[ 10, 15, 4, 30, 40, 60 ][ 2, 0, 0, 0, 1, 0, 0, 3, 0, 0, 1, 0, 0, 5, 4 ]
minimal polynomial:
[ x-10, x, x+10, x^2-20, x^2-10 ]1
[ x-15, x, x+5 ]
[ x-4, x+1 ]
[ x-30, x, x+30, x^2-500 ]
[ x-40, x, x+40, x^2-320, x^2-10 ]
[ x-60, x, x+20 ]
 SITA:

[ [ [ 1, 0, 0, 0, 0, 0, 0 ], [ 0, 1, 0, 0, 0, 0, 0 ], [ 0, 0, 1, 0, 0, 0, 0 ], [ 0, 0, 0, 1, 0, 0, 0 ],[ 0, 0, 0, 0, 1, 0, 0 ], [ 0, 0, 0, 0, 0, 1, 0 ], [ 0, 0, 0, 0, 0, 0, 1 ] ],
  [ [ 0, 10, 0, 0, 0, 0, 0 ], [ 1, 0, 3, 0, 0, 0, 6 ], [ 0, 2, 0, 0, 0, 8, 0 ], [ 0, 0, 0, 0, 0, 10, 0 ],[ 0, 0, 0, 0, 0, 0, 10 ], [ 0, 0, 3, 1, 0, 0, 6 ], [ 0, 1, 0, 0, 5, 4, 0 ] ],
  [ [ 0, 0, 15, 0, 0, 0, 0 ], [ 0, 3, 0, 0, 0, 12, 0 ], [ 1, 0, 10, 4, 0, 0, 0 ], [ 0, 0, 15, 0, 0, 0, 0 ],[ 0, 0, 0, 0, 15, 0, 0 ], [ 0, 3, 0, 0, 0, 12, 0 ], [ 0, 0, 0, 0, 0, 0, 15 ] ],
  [ [ 0, 0, 0, 4, 0, 0, 0 ], [ 0, 0, 0, 0, 0, 4, 0 ], [ 0, 0, 4, 0, 0, 0, 0 ], [ 1, 0, 0, 3, 0, 0, 0 ],[ 0, 0, 0, 0, 4, 0, 0 ], [ 0, 1, 0, 0, 0, 3, 0 ], [ 0, 0, 0, 0, 0, 0, 4 ] ],
  [ [ 0, 0, 0, 0, 30, 0, 0 ], [ 0, 0, 0, 0, 0, 0, 30 ], [ 0, 0, 0, 0, 30, 0, 0 ], [ 0, 0, 0, 0, 30, 0, 0 ],[ 1, 0, 15, 4, 0, 0, 10 ], [ 0, 0, 0, 0, 0, 0, 30 ], [ 0, 5, 0, 0, 5, 20, 0 ] ],
  [ [ 0, 0, 0, 0, 0, 40, 0 ], [ 0, 0, 12, 4, 0, 0, 24 ], [ 0, 8, 0, 0, 0, 32, 0 ], [ 0, 10, 0, 0, 0, 30, 0 ],[ 0, 0, 0, 0, 0, 0, 40 ], [ 1, 0, 12, 3, 0, 0, 24 ], [ 0, 4, 0, 0, 20, 16, 0 ] ],
  [ [ 0, 0, 0, 0, 0, 0, 60 ], [ 0, 6, 0, 0, 30, 24, 0 ], [ 0, 0, 0, 0, 0, 0, 60 ], [ 0, 0, 0, 0, 0, 0, 60 ],[ 0, 10, 0, 0, 10, 40, 0 ], [ 0, 6, 0, 0, 30, 24, 0 ], [ 1, 0, 15, 4, 0, 0, 40 ] ] ]
