 degree:8
 order:44
 [ 8, 8, 3, 8, 8, 8 ][ 4, 8, 0, 0, 0, 0, 0, 4, 0, 0, 0, 0, 4, 4, 0 ]
minimal polynomial:
[ x-8, x, x^5+4*x^4-64*x^3-192*x^2+768*x+1024 ]1
[ x-8, x, x^5+4*x^4-64*x^3-192*x^2+768*x+1024 ]
[ x-3, x+1 ]
[ x-8, x, x^5+4*x^4-64*x^3-192*x^2+768*x+1024 ]
[ x-8, x, x^5+4*x^4-64*x^3-192*x^2+768*x+1024 ]
[ x-8, x, x^5+4*x^4-64*x^3-192*x^2+768*x+1024 ]
 SITA:
[ [ [ 1, 0, 0, 0, 0, 0, 0 ], [ 0, 1, 0, 0, 0, 0, 0 ], [ 0, 0, 1, 0, 0, 0, 0 ], [ 0, 0, 0, 1, 0, 0, 0 ],
      [ 0, 0, 0, 0, 1, 0, 0 ], [ 0, 0, 0, 0, 0, 1, 0 ], [ 0, 0, 0, 0, 0, 0, 1 ] ],
  [ [ 0, 8, 0, 0, 0, 0, 0 ], [ 1, 0, 4, 3, 0, 0, 0 ], [ 0, 4, 0, 0, 0, 4, 0 ], [ 0, 8, 0, 0, 0, 0, 0 ],
      [ 0, 0, 0, 0, 0, 4, 4 ], [ 0, 0, 4, 0, 4, 0, 0 ], [ 0, 0, 0, 0, 4, 0, 4 ] ],
  [ [ 0, 0, 8, 0, 0, 0, 0 ], [ 0, 4, 0, 0, 0, 4, 0 ], [ 1, 0, 0, 3, 4, 0, 0 ], [ 0, 0, 8, 0, 0, 0, 0 ],
      [ 0, 0, 4, 0, 0, 0, 4 ], [ 0, 4, 0, 0, 0, 0, 4 ], [ 0, 0, 0, 0, 4, 4, 0 ] ],
  [ [ 0, 0, 0, 3, 0, 0, 0 ], [ 0, 3, 0, 0, 0, 0, 0 ], [ 0, 0, 3, 0, 0, 0, 0 ], [ 1, 0, 0, 2, 0, 0, 0 ],
      [ 0, 0, 0, 0, 3, 0, 0 ], [ 0, 0, 0, 0, 0, 3, 0 ], [ 0, 0, 0, 0, 0, 0, 3 ] ],
  [ [ 0, 0, 0, 0, 8, 0, 0 ], [ 0, 0, 0, 0, 0, 4, 4 ], [ 0, 0, 4, 0, 0, 0, 4 ], [ 0, 0, 0, 0, 8, 0, 0 ],
      [ 1, 0, 0, 3, 0, 4, 0 ], [ 0, 4, 0, 0, 4, 0, 0 ], [ 0, 4, 4, 0, 0, 0, 0 ] ],
  [ [ 0, 0, 0, 0, 0, 8, 0 ], [ 0, 0, 4, 0, 4, 0, 0 ], [ 0, 4, 0, 0, 0, 0, 4 ], [ 0, 0, 0, 0, 0, 8, 0 ],
      [ 0, 4, 0, 0, 4, 0, 0 ], [ 1, 0, 0, 3, 0, 0, 4 ], [ 0, 0, 4, 0, 0, 4, 0 ] ],
  [ [ 0, 0, 0, 0, 0, 0, 8 ], [ 0, 0, 0, 0, 4, 0, 4 ], [ 0, 0, 0, 0, 4, 4, 0 ], [ 0, 0, 0, 0, 0, 0, 8 ],
      [ 0, 4, 4, 0, 0, 0, 0 ], [ 0, 0, 4, 0, 0, 4, 0 ], [ 1, 4, 0, 3, 0, 0, 0 ] ] ]


