 degree:9
 order:60
 [ 9, 9, 2, 3, 18, 18 ][ 2, 0, 0, 3, 0, 0, 3, 0, 3, 0, 0, 1, 1, 0, 5 ]
minimal polynomial:
[ x-9, x-1, x, x+1, x+9, x^2-10 ]1
[ x-9, x+1 ]
[ x-2, x+1 ]
[ x-3, x, x+3 ]
[ x-18, x-1, x+2, x+9 ]
[ x-18, x-2, x, x+2, x+18, x^2-10 ]
 SITA:
[ [ [ 1, 0, 0, 0, 0, 0, 0 ], [ 0, 1, 0, 0, 0, 0, 0 ], [ 0, 0, 1, 0, 0, 0, 0 ], [ 0, 0, 0, 1, 0, 0, 0 ],
      [ 0, 0, 0, 0, 1, 0, 0 ], [ 0, 0, 0, 0, 0, 1, 0 ], [ 0, 0, 0, 0, 0, 0, 1 ] ],
  [ [ 0, 9, 0, 0, 0, 0, 0 ], [ 1, 0, 2, 0, 0, 6, 0 ], [ 0, 2, 0, 0, 1, 0, 6 ], [ 0, 0, 0, 0, 0, 0, 9 ],
      [ 0, 0, 3, 0, 0, 6, 0 ], [ 0, 3, 0, 0, 1, 0, 5 ], [ 0, 0, 3, 1, 0, 5, 0 ] ],
  [ [ 0, 0, 9, 0, 0, 0, 0 ], [ 0, 2, 0, 0, 1, 0, 6 ], [ 1, 0, 8, 0, 0, 0, 0 ], [ 0, 0, 0, 0, 0, 9, 0 ],
      [ 0, 3, 0, 0, 0, 0, 6 ], [ 0, 0, 0, 1, 0, 8, 0 ], [ 0, 3, 0, 0, 1, 0, 5 ] ],
  [ [ 0, 0, 0, 2, 0, 0, 0 ], [ 0, 0, 0, 0, 0, 0, 2 ], [ 0, 0, 0, 0, 0, 2, 0 ], [ 1, 0, 0, 1, 0, 0, 0 ],
      [ 0, 0, 0, 0, 2, 0, 0 ], [ 0, 0, 1, 0, 0, 1, 0 ], [ 0, 1, 0, 0, 0, 0, 1 ] ],
  [ [ 0, 0, 0, 0, 3, 0, 0 ], [ 0, 0, 1, 0, 0, 2, 0 ], [ 0, 1, 0, 0, 0, 0, 2 ], [ 0, 0, 0, 0, 3, 0, 0 ],
      [ 1, 0, 0, 2, 0, 0, 0 ], [ 0, 1, 0, 0, 0, 0, 2 ], [ 0, 0, 1, 0, 0, 2, 0 ] ],
  [ [ 0, 0, 0, 0, 0, 18, 0 ], [ 0, 6, 0, 0, 2, 0, 10 ], [ 0, 0, 0, 2, 0, 16, 0 ], [ 0, 0, 9, 0, 0, 9, 0 ],
      [ 0, 6, 0, 0, 0, 0, 12 ], [ 1, 0, 8, 1, 0, 8, 0 ], [ 0, 5, 0, 0, 2, 0, 11 ] ],
  [ [ 0, 0, 0, 0, 0, 0, 18 ], [ 0, 0, 6, 2, 0, 10, 0 ], [ 0, 6, 0, 0, 2, 0, 10 ], [ 0, 9, 0, 0, 0, 0, 9 ],
      [ 0, 0, 6, 0, 0, 12, 0 ], [ 0, 5, 0, 0, 2, 0, 11 ], [ 1, 0, 5, 1, 0, 11, 0 ] ] ]
