 degree:10
 order:90
[ 10, 5, 5, 15, 24, 30 ][ 6, 0, 4, 0, 0, 4, 0, 0, 0, 2, 0, 0, 0, 2, 8 ]
minimal polynomial:
[ x-10, x-8, x-2, x, x+2, x+8, x+10 ]
[ x-5, x+1 ]
[ x-5, x-4, x-2, x, x+2, x+4, x+5 ]
[ x-15, x-6, x, x+10 ]
[ x-24, x-4, x, x+12 ]
[ x-30, x-12, x, x+12, x+30 ]
 SITA:
[ [ [ 1, 0, 0, 0, 0, 0, 0 ], [ 0, 1, 0, 0, 0, 0, 0 ], [ 0, 0, 1, 0, 0, 0, 0 ], [ 0, 0, 0, 1, 0, 0, 0 ],
      [ 0, 0, 0, 0, 1, 0, 0 ], [ 0, 0, 0, 0, 0, 1, 0 ], [ 0, 0, 0, 0, 0, 0, 1 ] ],
  [ [ 0, 10, 0, 0, 0, 0, 0 ], [ 1, 0, 3, 0, 6, 0, 0 ], [ 0, 6, 0, 4, 0, 0, 0 ], [ 0, 0, 4, 0, 6, 0, 0 ],
      [ 0, 4, 0, 2, 0, 0, 4 ], [ 0, 0, 0, 0, 0, 0, 10 ], [ 0, 0, 0, 0, 2, 8, 0 ] ],
  [ [ 0, 0, 5, 0, 0, 0, 0 ], [ 0, 3, 0, 2, 0, 0, 0 ], [ 1, 0, 4, 0, 0, 0, 0 ], [ 0, 4, 0, 1, 0, 0, 0 ],
      [ 0, 0, 0, 0, 5, 0, 0 ], [ 0, 0, 0, 0, 0, 5, 0 ], [ 0, 0, 0, 0, 0, 0, 5 ] ],
  [ [ 0, 0, 0, 5, 0, 0, 0 ], [ 0, 0, 2, 0, 3, 0, 0 ], [ 0, 4, 0, 1, 0, 0, 0 ], [ 1, 0, 1, 0, 3, 0, 0 ],
      [ 0, 2, 0, 1, 0, 0, 2 ], [ 0, 0, 0, 0, 0, 0, 5 ], [ 0, 0, 0, 0, 1, 4, 0 ] ],
  [ [ 0, 0, 0, 0, 15, 0, 0 ], [ 0, 6, 0, 3, 0, 0, 6 ], [ 0, 0, 0, 0, 15, 0, 0 ], [ 0, 6, 0, 3, 0, 0, 6 ],
      [ 1, 0, 5, 0, 1, 8, 0 ], [ 0, 0, 0, 0, 5, 10, 0 ], [ 0, 2, 0, 1, 0, 0, 12 ] ],
  [ [ 0, 0, 0, 0, 0, 24, 0 ], [ 0, 0, 0, 0, 0, 0, 24 ], [ 0, 0, 0, 0, 0, 24, 0 ], [ 0, 0, 0, 0, 0, 0, 24 ],
      [ 0, 0, 0, 0, 8, 16, 0 ], [ 1, 0, 5, 0, 10, 8, 0 ], [ 0, 8, 0, 4, 0, 0, 12 ] ],
  [ [ 0, 0, 0, 0, 0, 0, 30 ], [ 0, 0, 0, 0, 6, 24, 0 ], [ 0, 0, 0, 0, 0, 0, 30 ], [ 0, 0, 0, 0, 6, 24, 0 ],
      [ 0, 4, 0, 2, 0, 0, 24 ], [ 0, 10, 0, 5, 0, 0, 15 ], [ 1, 0, 5, 0, 12, 12, 0 ] ] ]


