 degree:10
 order:96
[ 10, 5, 20, 20, 20, 20 ][ 2, 0, 4, 0, 0, 2, 0, 0, 0, 0, 4, 4, 4, 2, 2 ]
minimal polynomial:
[ x-10, x-2, x, x+6, x+8, x^2-4*x-8 ]1
[ x-5, x+1 ]
[ x-20, x-8, x-4, x, x+12, x^2+4*x-8 ]
[ x-20, x-14, x-4, x+2, x+4, x^2-4*x-8 ]
[ x-20, x-4, x+2, x+4, x+10, x^2-4*x-8 ]
[ x-20, x-4, x+4 ]
 SITA:

[ [ [ 1, 0, 0, 0, 0, 0, 0 ], [ 0, 1, 0, 0, 0, 0, 0 ], [ 0, 0, 1, 0, 0, 0, 0 ], [ 0, 0, 0, 1, 0, 0, 0 ],[ 0, 0, 0, 0, 1, 0, 0 ], [ 0, 0, 0, 0, 0, 1, 0 ], [ 0, 0, 0, 0, 0, 0, 1 ] ],
  [ [ 0, 10, 0, 0, 0, 0, 0 ], [ 1, 0, 1, 0, 8, 0, 0 ], [ 0, 2, 0, 8, 0, 0, 0 ], [ 0, 0, 2, 0, 0, 4, 4 ],[ 0, 4, 0, 0, 0, 4, 2 ], [ 0, 0, 0, 4, 4, 0, 2 ], [ 0, 0, 0, 4, 2, 2, 2 ] ],
  [ [ 0, 0, 5, 0, 0, 0, 0 ], [ 0, 1, 0, 4, 0, 0, 0 ], [ 1, 0, 4, 0, 0, 0, 0 ], [ 0, 2, 0, 3, 0, 0, 0 ],[ 0, 0, 0, 0, 1, 2, 2 ], [ 0, 0, 0, 0, 2, 1, 2 ], [ 0, 0, 0, 0, 2, 2, 1 ] ],
  [ [ 0, 0, 0, 20, 0, 0, 0 ], [ 0, 0, 4, 0, 0, 8, 8 ], [ 0, 8, 0, 12, 0, 0, 0 ], [ 1, 0, 3, 0, 8, 4, 4 ],[ 0, 0, 0, 8, 6, 2, 4 ], [ 0, 4, 0, 4, 2, 6, 4 ], [ 0, 4, 0, 4, 4, 4, 4 ] ],
  [ [ 0, 0, 0, 0, 20, 0, 0 ], [ 0, 8, 0, 0, 0, 8, 4 ], [ 0, 0, 0, 0, 4, 8, 8 ], [ 0, 0, 0, 8, 6, 2, 4 ],[ 1, 0, 1, 6, 10, 0, 2 ], [ 0, 4, 2, 2, 0, 6, 6 ], [ 0, 2, 2, 4, 2, 6, 4 ] ],
  [ [ 0, 0, 0, 0, 0, 20, 0 ], [ 0, 0, 0, 8, 8, 0, 4 ], [ 0, 0, 0, 0, 8, 4, 8 ], [ 0, 4, 0, 4, 2, 6, 4 ],[ 0, 4, 2, 2, 0, 6, 6 ], [ 1, 0, 1, 6, 6, 4, 2 ], [ 0, 2, 2, 4, 6, 2, 4 ] ],
  [ [ 0, 0, 0, 0, 0, 0, 20 ], [ 0, 0, 0, 8, 4, 4, 4 ], [ 0, 0, 0, 0, 8, 8, 4 ], [ 0, 4, 0, 4, 4, 4, 4 ],[ 0, 2, 2, 4, 2, 6, 4 ], [ 0, 2, 2, 4, 6, 2, 4 ], [ 1, 2, 1, 4, 4, 4, 4 ] ] ]
