 degree:9
 order:40
 [ 9, 9, 1, 2, 9, 9 ][ 6, 9, 0, 1, 0, 0, 0, 0, 3, 0, 0, 0, 2, 0, 6 ]
minimal polynomial:
[ x-9, x-6, x-1, x, x+1, x+6, x+9 ]
[ x-9, x-4, x, x+3 ]
[ x-1, x+1 ]
[ x-2, x, x+2 ]
[ x-9, x-1, x, x+6 ]
[ x-9, x-4, x-3, x, x+3, x+4, x+9 ]
 SITA:
[ [ [ 1, 0, 0, 0, 0, 0, 0 ], [ 0, 1, 0, 0, 0, 0, 0 ], [ 0, 0, 1, 0, 0, 0, 0 ], [ 0, 0, 0, 1, 0, 0, 0 ],
      [ 0, 0, 0, 0, 1, 0, 0 ], [ 0, 0, 0, 0, 0, 1, 0 ], [ 0, 0, 0, 0, 0, 0, 1 ] ],
  [ [ 0, 9, 0, 0, 0, 0, 0 ], [ 1, 0, 6, 1, 0, 1, 0 ], [ 0, 6, 0, 0, 0, 0, 3 ], [ 0, 9, 0, 0, 0, 0, 0 ],
      [ 0, 0, 0, 0, 0, 9, 0 ], [ 0, 1, 0, 0, 2, 0, 6 ], [ 0, 0, 3, 0, 0, 6, 0 ] ],
  [ [ 0, 0, 9, 0, 0, 0, 0 ], [ 0, 6, 0, 0, 0, 0, 3 ], [ 1, 0, 4, 1, 0, 3, 0 ], [ 0, 0, 9, 0, 0, 0, 0 ],
      [ 0, 0, 0, 0, 0, 0, 9 ], [ 0, 0, 3, 0, 0, 6, 0 ], [ 0, 3, 0, 0, 2, 0, 4 ] ],
  [ [ 0, 0, 0, 1, 0, 0, 0 ], [ 0, 1, 0, 0, 0, 0, 0 ], [ 0, 0, 1, 0, 0, 0, 0 ], [ 1, 0, 0, 0, 0, 0, 0 ],
      [ 0, 0, 0, 0, 1, 0, 0 ], [ 0, 0, 0, 0, 0, 1, 0 ], [ 0, 0, 0, 0, 0, 0, 1 ] ],
  [ [ 0, 0, 0, 0, 2, 0, 0 ], [ 0, 0, 0, 0, 0, 2, 0 ], [ 0, 0, 0, 0, 0, 0, 2 ], [ 0, 0, 0, 0, 2, 0, 0 ],
      [ 1, 0, 0, 1, 0, 0, 0 ], [ 0, 2, 0, 0, 0, 0, 0 ], [ 0, 0, 2, 0, 0, 0, 0 ] ],
  [ [ 0, 0, 0, 0, 0, 9, 0 ], [ 0, 1, 0, 0, 2, 0, 6 ], [ 0, 0, 3, 0, 0, 6, 0 ], [ 0, 0, 0, 0, 0, 9, 0 ],
      [ 0, 9, 0, 0, 0, 0, 0 ], [ 1, 0, 6, 1, 0, 1, 0 ], [ 0, 6, 0, 0, 0, 0, 3 ] ],
  [ [ 0, 0, 0, 0, 0, 0, 9 ], [ 0, 0, 3, 0, 0, 6, 0 ], [ 0, 3, 0, 0, 2, 0, 4 ], [ 0, 0, 0, 0, 0, 0, 9 ],
      [ 0, 0, 9, 0, 0, 0, 0 ], [ 0, 6, 0, 0, 0, 0, 3 ], [ 1, 0, 4, 1, 0, 3, 0 ] ] ]
