 degree:10
 order:160
[ 10, 10, 1, 8, 50, 80 ][ 4, 0, 0, 1, 0, 10, 0, 1, 0, 0, 0, 0, 0, 1, 5 ]
minimal polynomial:
[ x-10, x, x+6, x^2-4*x-10, x^2+4*x-10 ]1
[ x-10, x, x+6, x^2-4*x-10 ]
[ x-1, x+1 ]
[ x-8, x, x+2 ]
[ x-50, x, x+10 ]
[ x-80, x, x+48, x^2+8*x-40 ]

 SITA:

[ [ [ 1, 0, 0, 0, 0, 0, 0 ], [ 0, 1, 0, 0, 0, 0, 0 ], [ 0, 0, 1, 0, 0, 0, 0 ], [ 0, 0, 0, 1, 0, 0, 0 ],[ 0, 0, 0, 0, 1, 0, 0 ], [ 0, 0, 0, 0, 0, 1, 0 ], [ 0, 0, 0, 0, 0, 0, 1 ] ],
  [ [ 0, 10, 0, 0, 0, 0, 0 ], [ 1, 0, 4, 0, 0, 5, 0 ], [ 0, 4, 0, 1, 0, 5, 0 ], [ 0, 0, 10, 0, 0, 0, 0 ],[ 0, 0, 0, 0, 0, 0, 10 ], [ 0, 1, 1, 0, 0, 0, 8 ], [ 0, 0, 0, 0, 1, 5, 4 ] ],
  [ [ 0, 0, 10, 0, 0, 0, 0 ], [ 0, 4, 0, 1, 0, 5, 0 ], [ 1, 0, 4, 0, 0, 5, 0 ], [ 0, 10, 0, 0, 0, 0, 0 ],[ 0, 0, 0, 0, 0, 0, 10 ], [ 0, 1, 1, 0, 0, 0, 8 ], [ 0, 0, 0, 0, 1, 5, 4 ] ],
  [ [ 0, 0, 0, 1, 0, 0, 0 ], [ 0, 0, 1, 0, 0, 0, 0 ], [ 0, 1, 0, 0, 0, 0, 0 ], [ 1, 0, 0, 0, 0, 0, 0 ],[ 0, 0, 0, 0, 1, 0, 0 ], [ 0, 0, 0, 0, 0, 1, 0 ], [ 0, 0, 0, 0, 0, 0, 1 ] ],
  [ [ 0, 0, 0, 0, 8, 0, 0 ], [ 0, 0, 0, 0, 0, 0, 8 ], [ 0, 0, 0, 0, 0, 0, 8 ], [ 0, 0, 0, 0, 8, 0, 0 ],[ 1, 0, 0, 1, 6, 0, 0 ], [ 0, 0, 0, 0, 0, 8, 0 ], [ 0, 1, 1, 0, 0, 0, 6 ] ],
  [ [ 0, 0, 0, 0, 0, 50, 0 ], [ 0, 5, 5, 0, 0, 0, 40 ], [ 0, 5, 5, 0, 0, 0, 40 ], [ 0, 0, 0, 0, 0, 50, 0 ],[ 0, 0, 0, 0, 0, 50, 0 ], [ 1, 0, 0, 1, 8, 40, 0 ], [ 0, 5, 5, 0, 0, 0, 40 ] ],
  [ [ 0, 0, 0, 0, 0, 0, 80 ], [ 0, 0, 0, 0, 8, 40, 32 ], [ 0, 0, 0, 0, 8, 40, 32 ], [ 0, 0, 0, 0, 0, 0, 80 ],[ 0, 10, 10, 0, 0, 0, 60 ], [ 0, 8, 8, 0, 0, 0, 64 ], [ 1, 4, 4, 1, 6, 40, 24 ] ] ]

