 degree:9
 order:108
 [ 9, 9, 1, 7, 18, 63 ][ 6, 0, 0, 1, 0, 9, 0, 1, 0, 0, 0, 0, 0, 1, 2 ]
minimal polynomial:
[ x-9, x, x+3, x^2-6*x-9, x^2+6*x-9 ]1
[ x-9, x, x+3, x^2-6*x-9 ]
[ x-1, x+1 ]
[ x-7, x, x+2 ]
[ x-18, x, x+9 ]
[ x-63, x, x+21, x^2+12*x-36 ]
 SITA:
[ [ [ 1, 0, 0, 0, 0, 0, 0 ], [ 0, 1, 0, 0, 0, 0, 0 ], [ 0, 0, 1, 0, 0, 0, 0 ], [ 0, 0, 0, 1, 0, 0, 0 ],
      [ 0, 0, 0, 0, 1, 0, 0 ], [ 0, 0, 0, 0, 0, 1, 0 ], [ 0, 0, 0, 0, 0, 0, 1 ] ],
  [ [ 0, 9, 0, 0, 0, 0, 0 ], [ 1, 0, 6, 0, 0, 2, 0 ], [ 0, 6, 0, 1, 0, 2, 0 ], [ 0, 0, 9, 0, 0, 0, 0 ],
      [ 0, 0, 0, 0, 0, 0, 9 ], [ 0, 1, 1, 0, 0, 0, 7 ], [ 0, 0, 0, 0, 1, 2, 6 ] ],
  [ [ 0, 0, 9, 0, 0, 0, 0 ], [ 0, 6, 0, 1, 0, 2, 0 ], [ 1, 0, 6, 0, 0, 2, 0 ], [ 0, 9, 0, 0, 0, 0, 0 ],
      [ 0, 0, 0, 0, 0, 0, 9 ], [ 0, 1, 1, 0, 0, 0, 7 ], [ 0, 0, 0, 0, 1, 2, 6 ] ],
  [ [ 0, 0, 0, 1, 0, 0, 0 ], [ 0, 0, 1, 0, 0, 0, 0 ], [ 0, 1, 0, 0, 0, 0, 0 ], [ 1, 0, 0, 0, 0, 0, 0 ],
      [ 0, 0, 0, 0, 1, 0, 0 ], [ 0, 0, 0, 0, 0, 1, 0 ], [ 0, 0, 0, 0, 0, 0, 1 ] ],
  [ [ 0, 0, 0, 0, 7, 0, 0 ], [ 0, 0, 0, 0, 0, 0, 7 ], [ 0, 0, 0, 0, 0, 0, 7 ], [ 0, 0, 0, 0, 7, 0, 0 ],
      [ 1, 0, 0, 1, 5, 0, 0 ], [ 0, 0, 0, 0, 0, 7, 0 ], [ 0, 1, 1, 0, 0, 0, 5 ] ],
  [ [ 0, 0, 0, 0, 0, 18, 0 ], [ 0, 2, 2, 0, 0, 0, 14 ], [ 0, 2, 2, 0, 0, 0, 14 ], [ 0, 0, 0, 0, 0, 18, 0 ],
      [ 0, 0, 0, 0, 0, 18, 0 ], [ 1, 0, 0, 1, 7, 9, 0 ], [ 0, 2, 2, 0, 0, 0, 14 ] ],
  [ [ 0, 0, 0, 0, 0, 0, 63 ], [ 0, 0, 0, 0, 7, 14, 42 ], [ 0, 0, 0, 0, 7, 14, 42 ], [ 0, 0, 0, 0, 0, 0, 63 ],
      [ 0, 9, 9, 0, 0, 0, 45 ], [ 0, 7, 7, 0, 0, 0, 49 ], [ 1, 6, 6, 1, 5, 14, 30 ] ] ]


