 degree:10
 order:96
[ 10, 20, 5, 20, 20, 20 ][ 2, 2, 0, 2, 0, 0, 2, 2, 2, 0, 0, 2, 4, 4, 2 ]
minimal polynomial:
[ x-10, x-2, x, x+2, x+6, x^2+2*x-20 ]1
[ x-20, x-4, x-2, x+4, x+8 ]
[ x-5, x+1 ]
[ x-20, x-4, x-2, x+4, x^2+14*x+28 ]
[ x-20, x-4, x+4, x^2-10*x+4 ]
[ x-20, x-4, x-2, x, x+12, x^2-2*x-20 ]
 SITA:

[ [ [ 1, 0, 0, 0, 0, 0, 0 ], [ 0, 1, 0, 0, 0, 0, 0 ], [ 0, 0, 1, 0, 0, 0, 0 ], [ 0, 0, 0, 1, 0, 0, 0 ],[ 0, 0, 0, 0, 1, 0, 0 ], [ 0, 0, 0, 0, 0, 1, 0 ], [ 0, 0, 0, 0, 0, 0, 1 ] ],
  [ [ 0, 10, 0, 0, 0, 0, 0 ], [ 1, 0, 4, 1, 0, 4, 0 ], [ 0, 2, 2, 0, 2, 2, 2 ], [ 0, 2, 0, 0, 0, 0, 8 ],[ 0, 0, 2, 0, 0, 4, 4 ], [ 0, 2, 2, 0, 4, 0, 2 ], [ 0, 0, 2, 2, 4, 2, 0 ] ],
  [ [ 0, 0, 20, 0, 0, 0, 0 ], [ 0, 4, 4, 0, 4, 4, 4 ], [ 1, 2, 0, 1, 6, 6, 4 ], [ 0, 0, 4, 0, 8, 8, 0 ],[ 0, 2, 6, 2, 4, 2, 4 ], [ 0, 2, 6, 2, 2, 4, 4 ], [ 0, 2, 4, 0, 4, 4, 6 ] ],
  [ [ 0, 0, 0, 5, 0, 0, 0 ], [ 0, 1, 0, 0, 0, 0, 4 ], [ 0, 0, 1, 0, 2, 2, 0 ], [ 1, 0, 0, 4, 0, 0, 0 ],[ 0, 0, 2, 0, 1, 2, 0 ], [ 0, 0, 2, 0, 2, 1, 0 ], [ 0, 2, 0, 0, 0, 0, 3 ] ],
  [ [ 0, 0, 0, 0, 20, 0, 0 ], [ 0, 0, 4, 0, 0, 8, 8 ], [ 0, 2, 6, 2, 4, 2, 4 ], [ 0, 0, 8, 0, 4, 8, 0 ],[ 1, 0, 4, 1, 0, 8, 6 ], [ 0, 4, 2, 2, 8, 2, 2 ], [ 0, 4, 4, 0, 6, 2, 4 ] ],
  [ [ 0, 0, 0, 0, 0, 20, 0 ], [ 0, 4, 4, 0, 8, 0, 4 ], [ 0, 2, 6, 2, 2, 4, 4 ], [ 0, 0, 8, 0, 8, 4, 0 ],[ 0, 4, 2, 2, 8, 2, 2 ], [ 1, 0, 4, 1, 2, 6, 6 ], [ 0, 2, 4, 0, 2, 6, 6 ] ],
  [ [ 0, 0, 0, 0, 0, 0, 20 ], [ 0, 0, 4, 4, 8, 4, 0 ], [ 0, 2, 4, 0, 4, 4, 6 ], [ 0, 8, 0, 0, 0, 0, 12 ],[ 0, 4, 4, 0, 6, 2, 4 ], [ 0, 2, 4, 0, 2, 6, 6 ], [ 1, 0, 6, 3, 4, 6, 0 ] ] ]
