 degree:10
 order:90
[ 10, 10, 1, 8, 20, 40 ][ 5, 0, 0, 2, 0, 10, 0, 2, 0, 0, 0, 0, 0, 2, 3 ]
minimal polynomial:
[ x-10, x-7, x, x+2, x+5, x^2+5*x-10 ]1
[ x-10, x-7, x, x+2, x+5, x^2-5*x-10 ]
[ x-1, x+1 ]
[ x-8, x-3, x, x+4 ]
[ x-20, x-2, x, x+5 ]
[ x-40, x-4, x, x+14, x+20 ]

 SITA:

[ [ [ 1, 0, 0, 0, 0, 0, 0 ], [ 0, 1, 0, 0, 0, 0, 0 ], [ 0, 0, 1, 0, 0, 0, 0 ], [ 0, 0, 0, 1, 0, 0, 0 ],[ 0, 0, 0, 0, 1, 0, 0 ], [ 0, 0, 0, 0, 0, 1, 0 ], [ 0, 0, 0, 0, 0, 0, 1 ] ],
  [ [ 0, 10, 0, 0, 0, 0, 0 ], [ 1, 0, 5, 0, 0, 4, 0 ], [ 0, 5, 0, 1, 0, 4, 0 ], [ 0, 0, 10, 0, 0, 0, 0 ],[ 0, 0, 0, 0, 0, 0, 10 ], [ 0, 2, 2, 0, 0, 0, 6 ], [ 0, 0, 0, 0, 2, 3, 5 ] ],
  [ [ 0, 0, 10, 0, 0, 0, 0 ], [ 0, 5, 0, 1, 0, 4, 0 ], [ 1, 0, 5, 0, 0, 4, 0 ], [ 0, 10, 0, 0, 0, 0, 0 ],[ 0, 0, 0, 0, 0, 0, 10 ], [ 0, 2, 2, 0, 0, 0, 6 ], [ 0, 0, 0, 0, 2, 3, 5 ] ],
  [ [ 0, 0, 0, 1, 0, 0, 0 ], [ 0, 0, 1, 0, 0, 0, 0 ], [ 0, 1, 0, 0, 0, 0, 0 ], [ 1, 0, 0, 0, 0, 0, 0 ],[ 0, 0, 0, 0, 1, 0, 0 ], [ 0, 0, 0, 0, 0, 1, 0 ], [ 0, 0, 0, 0, 0, 0, 1 ] ],
  [ [ 0, 0, 0, 0, 8, 0, 0 ], [ 0, 0, 0, 0, 0, 0, 8 ], [ 0, 0, 0, 0, 0, 0, 8 ], [ 0, 0, 0, 0, 8, 0, 0 ],[ 1, 0, 0, 1, 1, 5, 0 ], [ 0, 0, 0, 0, 2, 6, 0 ], [ 0, 2, 2, 0, 0, 0, 4 ] ],
  [ [ 0, 0, 0, 0, 0, 20, 0 ], [ 0, 4, 4, 0, 0, 0, 12 ], [ 0, 4, 4, 0, 0, 0, 12 ], [ 0, 0, 0, 0, 0, 20, 0 ],[ 0, 0, 0, 0, 5, 15, 0 ], [ 1, 0, 0, 1, 6, 12, 0 ], [ 0, 3, 3, 0, 0, 0, 14 ] ],
  [ [ 0, 0, 0, 0, 0, 0, 40 ], [ 0, 0, 0, 0, 8, 12, 20 ], [ 0, 0, 0, 0, 8, 12, 20 ], [ 0, 0, 0, 0, 0, 0, 40 ],[ 0, 10, 10, 0, 0, 0, 20 ], [ 0, 6, 6, 0, 0, 0, 28 ], [ 1, 5, 5, 1, 4, 14, 10 ] ] ]


