 degree:12
 order:40
 [ 12, 4, 3, 4, 4, 12 ][ 6, 8, 0, 0, 7, 0, 3, 3, 0, 0, 3, 0, 0, 3, 2 ]
minimal polynomial:
[ x-12, x-3, x, x+3, x+12, x^2-5 ]1
[ x-4, x+1 ]
[ x-3, x+1 ]
[ x-4, x, x+4 ]
[ x-4, x-1, x, x+1, x+4, x^2-5 ]
[ x-12, x-1, x+3, x+4 ]

 SITA:

[ [ [ 1, 0, 0, 0, 0, 0, 0 ], [ 0, 1, 0, 0, 0, 0, 0 ], [ 0, 0, 1, 0, 0, 0, 0 ], [ 0, 0, 0, 1, 0, 0, 0 ],
      [ 0, 0, 0, 0, 1, 0, 0 ], [ 0, 0, 0, 0, 0, 1, 0 ], [ 0, 0, 0, 0, 0, 0, 1 ] ],
  [ [ 0, 12, 0, 0, 0, 0, 0 ], [ 1, 0, 2, 2, 0, 0, 7 ], [ 0, 6, 0, 0, 3, 3, 0 ], [ 0, 8, 0, 0, 0, 4, 0 ],
      [ 0, 0, 3, 0, 0, 0, 9 ], [ 0, 0, 3, 3, 0, 0, 6 ], [ 0, 7, 0, 0, 3, 2, 0 ] ],
  [ [ 0, 0, 4, 0, 0, 0, 0 ], [ 0, 2, 0, 0, 1, 1, 0 ], [ 1, 0, 3, 0, 0, 0, 0 ], [ 0, 0, 0, 0, 0, 0, 4 ],
      [ 0, 3, 0, 0, 0, 1, 0 ], [ 0, 3, 0, 0, 1, 0, 0 ], [ 0, 0, 0, 1, 0, 0, 3 ] ],
  [ [ 0, 0, 0, 3, 0, 0, 0 ], [ 0, 2, 0, 0, 0, 1, 0 ], [ 0, 0, 0, 0, 0, 0, 3 ], [ 1, 0, 0, 2, 0, 0, 0 ],
      [ 0, 0, 0, 0, 3, 0, 0 ], [ 0, 3, 0, 0, 0, 0, 0 ], [ 0, 0, 1, 0, 0, 0, 2 ] ],
  [ [ 0, 0, 0, 0, 4, 0, 0 ], [ 0, 0, 1, 0, 0, 0, 3 ], [ 0, 3, 0, 0, 0, 1, 0 ], [ 0, 0, 0, 0, 4, 0, 0 ],
      [ 1, 0, 0, 3, 0, 0, 0 ], [ 0, 0, 1, 0, 0, 0, 3 ], [ 0, 3, 0, 0, 0, 1, 0 ] ],
  [ [ 0, 0, 0, 0, 0, 4, 0 ], [ 0, 0, 1, 1, 0, 0, 2 ], [ 0, 3, 0, 0, 1, 0, 0 ], [ 0, 4, 0, 0, 0, 0, 0 ],
      [ 0, 0, 1, 0, 0, 0, 3 ], [ 1, 0, 0, 0, 0, 0, 3 ], [ 0, 2, 0, 0, 1, 1, 0 ] ],
  [ [ 0, 0, 0, 0, 0, 0, 12 ], [ 0, 7, 0, 0, 3, 2, 0 ], [ 0, 0, 0, 3, 0, 0, 9 ], [ 0, 0, 4, 0, 0, 0, 8 ],
      [ 0, 9, 0, 0, 0, 3, 0 ], [ 0, 6, 0, 0, 3, 3, 0 ], [ 1, 0, 3, 2, 0, 0, 6 ] ] ]