 degree:12
 order:135
[ 12, 48, 6, 8, 12, 48 ][ 1, 4, 0, 0, 0, 0, 12, 4, 2, 0, 0, 1, 0, 0, 2 ]
minimal polynomial:
[ x-12, x, x+3, x^2-6*x-12, x^2-3*x-24 ]1
[ x-48, x, x+12, x^2-6*x-12, x^2+6*x-96 ]
[ x-6, x-3, x, x+3 ]
[ x-8, x-2, x+1, x+4 ]
[ x-12, x-3, x, x+3 ]
[ x-48, x, x+12, x^2-3*x-24, x^2+12*x-48 ]

 SITA:

[ [ [ 1, 0, 0, 0, 0, 0, 0 ], [ 0, 1, 0, 0, 0, 0, 0 ], [ 0, 0, 1, 0, 0, 0, 0 ], [ 0, 0, 0, 1, 0, 0, 0 ],[ 0, 0, 0, 0, 1, 0, 0 ], [ 0, 0, 0, 0, 0, 1, 0 ], [ 0, 0, 0, 0, 0, 0, 1 ] ],
  [ [ 0, 12, 0, 0, 0, 0, 0 ], [ 1, 5, 4, 2, 0, 0, 0 ], [ 0, 1, 6, 0, 2, 1, 2 ], [ 0, 4, 0, 0, 0, 0, 8 ],[ 0, 0, 12, 0, 0, 0, 0 ], [ 0, 0, 4, 0, 0, 0, 8 ], [ 0, 0, 2, 1, 0, 2, 7 ] ],
  [ [ 0, 0, 48, 0, 0, 0, 0 ], [ 0, 4, 24, 0, 8, 4, 8 ], [ 1, 6, 14, 4, 2, 5, 16 ], [ 0, 0, 32, 0, 0, 0, 16 ],[ 0, 12, 12, 0, 0, 0, 24 ], [ 0, 4, 20, 0, 0, 0, 24 ], [ 0, 2, 16, 2, 4, 6, 18 ] ],
  [ [ 0, 0, 0, 6, 0, 0, 0 ], [ 0, 2, 0, 0, 0, 0, 4 ], [ 0, 0, 4, 0, 0, 0, 2 ], [ 1, 0, 0, 1, 0, 4, 0 ],[ 0, 0, 0, 0, 3, 3, 0 ], [ 0, 0, 0, 2, 2, 2, 0 ], [ 0, 1, 2, 0, 0, 0, 3 ] ],
  [ [ 0, 0, 0, 0, 8, 0, 0 ], [ 0, 0, 8, 0, 0, 0, 0 ], [ 0, 2, 2, 0, 0, 0, 4 ], [ 0, 0, 0, 0, 4, 4, 0 ],[ 1, 0, 0, 3, 1, 3, 0 ], [ 0, 0, 0, 2, 2, 4, 0 ], [ 0, 0, 4, 0, 0, 0, 4 ] ],
  [ [ 0, 0, 0, 0, 0, 12, 0 ], [ 0, 0, 4, 0, 0, 0, 8 ], [ 0, 1, 5, 0, 0, 0, 6 ], [ 0, 0, 0, 4, 4, 4, 0 ],[ 0, 0, 0, 3, 3, 6, 0 ], [ 1, 0, 0, 2, 4, 5, 0 ], [ 0, 2, 6, 0, 0, 0, 4 ] ],
  [ [ 0, 0, 0, 0, 0, 0, 48 ], [ 0, 0, 8, 4, 0, 8, 28 ], [ 0, 2, 16, 2, 4, 6, 18 ], [ 0, 8, 16, 0, 0, 0, 24 ],[ 0, 0, 24, 0, 0, 0, 24 ], [ 0, 8, 24, 0, 0, 0, 16 ], [ 1, 7, 18, 3, 4, 4, 11 ] ] ]