 degree:8
 order:128
 [ 8, 8, 15, 16, 40, 40 ][ 2, 0, 0, 0, 1, 0, 3, 0, 0, 0, 3, 0, 0, 2, 5 ]
minimal polynomial:
[ x-8, x, x+8, x^2-24, x^2-6 ]1
[ x-8, x+1 ]
[ x-15, x, x+9 ]
[ x-16, x, x+16, x^2-96, x^2-6 ]
[ x-40, x, x+40, x^2-216 ]
[ x-40, x, x+24 ]
 SITA:
[ [ [ 1, 0, 0, 0, 0, 0, 0 ], [ 0, 1, 0, 0, 0, 0, 0 ], [ 0, 0, 1, 0, 0, 0, 0 ], [ 0, 0, 0, 1, 0, 0, 0 ],
      [ 0, 0, 0, 0, 1, 0, 0 ], [ 0, 0, 0, 0, 0, 1, 0 ], [ 0, 0, 0, 0, 0, 0, 1 ] ],
  [ [ 0, 8, 0, 0, 0, 0, 0 ], [ 1, 0, 2, 0, 0, 0, 5 ], [ 0, 2, 0, 0, 6, 0, 0 ], [ 0, 0, 0, 0, 0, 8, 0 ],
      [ 0, 0, 3, 0, 0, 0, 5 ], [ 0, 0, 0, 3, 0, 0, 5 ], [ 0, 1, 0, 0, 2, 5, 0 ] ],
  [ [ 0, 0, 8, 0, 0, 0, 0 ], [ 0, 2, 0, 0, 6, 0, 0 ], [ 1, 0, 7, 0, 0, 0, 0 ], [ 0, 0, 0, 8, 0, 0, 0 ],
      [ 0, 3, 0, 0, 5, 0, 0 ], [ 0, 0, 0, 0, 0, 8, 0 ], [ 0, 0, 0, 0, 0, 0, 8 ] ],
  [ [ 0, 0, 0, 15, 0, 0, 0 ], [ 0, 0, 0, 0, 0, 15, 0 ], [ 0, 0, 0, 15, 0, 0, 0 ], [ 1, 0, 8, 6, 0, 0, 0 ],
      [ 0, 0, 0, 0, 0, 15, 0 ], [ 0, 3, 0, 0, 6, 6, 0 ], [ 0, 0, 0, 0, 0, 0, 15 ] ],
  [ [ 0, 0, 0, 0, 16, 0, 0 ], [ 0, 0, 6, 0, 0, 0, 10 ], [ 0, 6, 0, 0, 10, 0, 0 ], [ 0, 0, 0, 0, 0, 16, 0 ],
      [ 1, 0, 5, 0, 0, 0, 10 ], [ 0, 0, 0, 6, 0, 0, 10 ], [ 0, 2, 0, 0, 4, 10, 0 ] ],
  [ [ 0, 0, 0, 0, 0, 40, 0 ], [ 0, 0, 0, 15, 0, 0, 25 ], [ 0, 0, 0, 0, 0, 40, 0 ], [ 0, 8, 0, 0, 16, 16, 0 ],
      [ 0, 0, 0, 15, 0, 0, 25 ], [ 1, 0, 8, 6, 0, 0, 25 ], [ 0, 5, 0, 0, 10, 25, 0 ] ],
  [ [ 0, 0, 0, 0, 0, 0, 40 ], [ 0, 5, 0, 0, 10, 25, 0 ], [ 0, 0, 0, 0, 0, 0, 40 ], [ 0, 0, 0, 0, 0, 0, 40 ],
      [ 0, 5, 0, 0, 10, 25, 0 ], [ 0, 5, 0, 0, 10, 25, 0 ], [ 1, 0, 8, 15, 0, 0, 16 ] ] ]
