 degree:8
 order:96
 [ 8, 8, 1, 6, 24, 48 ][ 4, 0, 0, 1, 0, 8, 0, 1, 0, 0, 0, 0, 0, 1, 3 ]
minimal polynomial:
[ x-8, x, x+4, x^2-4*x-8, x^2+4*x-8 ]1
[ x-8, x, x+4, x^2-4*x-8 ]
[ x-1, x+1 ]
[ x-6, x, x+2 ]
[ x-24, x, x+8 ]
[ x-48, x, x+24, x^2+8*x-32 ]
 SITA:
[ [ [ 1, 0, 0, 0, 0, 0, 0 ], [ 0, 1, 0, 0, 0, 0, 0 ], [ 0, 0, 1, 0, 0, 0, 0 ], [ 0, 0, 0, 1, 0, 0, 0 ],
      [ 0, 0, 0, 0, 1, 0, 0 ], [ 0, 0, 0, 0, 0, 1, 0 ], [ 0, 0, 0, 0, 0, 0, 1 ] ],
  [ [ 0, 8, 0, 0, 0, 0, 0 ], [ 1, 0, 4, 0, 0, 3, 0 ], [ 0, 4, 0, 1, 0, 3, 0 ], [ 0, 0, 8, 0, 0, 0, 0 ],
      [ 0, 0, 0, 0, 0, 0, 8 ], [ 0, 1, 1, 0, 0, 0, 6 ], [ 0, 0, 0, 0, 1, 3, 4 ] ],
  [ [ 0, 0, 8, 0, 0, 0, 0 ], [ 0, 4, 0, 1, 0, 3, 0 ], [ 1, 0, 4, 0, 0, 3, 0 ], [ 0, 8, 0, 0, 0, 0, 0 ],
      [ 0, 0, 0, 0, 0, 0, 8 ], [ 0, 1, 1, 0, 0, 0, 6 ], [ 0, 0, 0, 0, 1, 3, 4 ] ],
  [ [ 0, 0, 0, 1, 0, 0, 0 ], [ 0, 0, 1, 0, 0, 0, 0 ], [ 0, 1, 0, 0, 0, 0, 0 ], [ 1, 0, 0, 0, 0, 0, 0 ],
      [ 0, 0, 0, 0, 1, 0, 0 ], [ 0, 0, 0, 0, 0, 1, 0 ], [ 0, 0, 0, 0, 0, 0, 1 ] ],
  [ [ 0, 0, 0, 0, 6, 0, 0 ], [ 0, 0, 0, 0, 0, 0, 6 ], [ 0, 0, 0, 0, 0, 0, 6 ], [ 0, 0, 0, 0, 6, 0, 0 ],
      [ 1, 0, 0, 1, 4, 0, 0 ], [ 0, 0, 0, 0, 0, 6, 0 ], [ 0, 1, 1, 0, 0, 0, 4 ] ],
  [ [ 0, 0, 0, 0, 0, 24, 0 ], [ 0, 3, 3, 0, 0, 0, 18 ], [ 0, 3, 3, 0, 0, 0, 18 ], [ 0, 0, 0, 0, 0, 24, 0 ],
      [ 0, 0, 0, 0, 0, 24, 0 ], [ 1, 0, 0, 1, 6, 16, 0 ], [ 0, 3, 3, 0, 0, 0, 18 ] ],
  [ [ 0, 0, 0, 0, 0, 0, 48 ], [ 0, 0, 0, 0, 6, 18, 24 ], [ 0, 0, 0, 0, 6, 18, 24 ], [ 0, 0, 0, 0, 0, 0, 48 ],
      [ 0, 8, 8, 0, 0, 0, 32 ], [ 0, 6, 6, 0, 0, 0, 36 ], [ 1, 4, 4, 1, 4, 18, 16 ] ] ]

