 degree:12
 order:168
[ 12, 32, 3, 24, 48, 48 ][ 3, 12, 0, 0, 0, 0, 0, 6, 0, 0, 0, 0, 0, 6, 6 ] 
minimal polynomial:
[ x-12, x, x+12, x^2-72, x^2-18 ]1
[ x-32, x-8, x, x+10 ]
[ x-3, x+1 ]
[ x-24, x, x+24, x^2-72 ]
[ x-48, x, x+48, x^2-162 ]
[ x-48, x-6, x, x+12 ]

 SITA:

[ [ [ 1, 0, 0, 0, 0, 0, 0 ], [ 0, 1, 0, 0, 0, 0, 0 ], [ 0, 0, 1, 0, 0, 0, 0 ], [ 0, 0, 0, 1, 0, 0, 0 ],[ 0, 0, 0, 0, 1, 0, 0 ], [ 0, 0, 0, 0, 0, 1, 0 ], [ 0, 0, 0, 0, 0, 0, 1 ] ],
  [ [ 0, 12, 0, 0, 0, 0, 0 ], [ 1, 0, 8, 3, 0, 0, 0 ], [ 0, 3, 0, 0, 0, 9, 0 ], [ 0, 12, 0, 0, 0, 0, 0 ],[ 0, 0, 0, 0, 0, 0, 12 ], [ 0, 0, 6, 0, 0, 0, 6 ], [ 0, 0, 0, 0, 6, 6, 0 ] ],
  [ [ 0, 0, 32, 0, 0, 0, 0 ], [ 0, 8, 0, 0, 0, 24, 0 ], [ 1, 0, 10, 3, 0, 0, 18 ], [ 0, 0, 32, 0, 0, 0, 0 ],[ 0, 0, 0, 0, 8, 24, 0 ], [ 0, 6, 0, 0, 12, 14, 0 ], [ 0, 0, 12, 0, 0, 0, 20 ] ],
  [ [ 0, 0, 0, 3, 0, 0, 0 ], [ 0, 3, 0, 0, 0, 0, 0 ], [ 0, 0, 3, 0, 0, 0, 0 ], [ 1, 0, 0, 2, 0, 0, 0 ],[ 0, 0, 0, 0, 3, 0, 0 ], [ 0, 0, 0, 0, 0, 3, 0 ], [ 0, 0, 0, 0, 0, 0, 3 ] ],
  [ [ 0, 0, 0, 0, 24, 0, 0 ], [ 0, 0, 0, 0, 0, 0, 24 ], [ 0, 0, 0, 0, 6, 18, 0 ], [ 0, 0, 0, 0, 24, 0, 0 ],[ 1, 0, 8, 3, 0, 0, 12 ], [ 0, 0, 12, 0, 0, 0, 12 ], [ 0, 6, 0, 0, 6, 12, 0 ] ],
  [ [ 0, 0, 0, 0, 0, 48, 0 ], [ 0, 0, 24, 0, 0, 0, 24 ], [ 0, 9, 0, 0, 18, 21, 0 ], [ 0, 0, 0, 0, 0, 48, 0 ],[ 0, 0, 24, 0, 0, 0, 24 ], [ 1, 0, 14, 3, 0, 0, 30 ], [ 0, 6, 0, 0, 12, 30, 0 ] ],
  [ [ 0, 0, 0, 0, 0, 0, 48 ], [ 0, 0, 0, 0, 24, 24, 0 ], [ 0, 0, 18, 0, 0, 0, 30 ], [ 0, 0, 0, 0, 0, 0, 48 ],[ 0, 12, 0, 0, 12, 24, 0 ], [ 0, 6, 0, 0, 12, 30, 0 ], [ 1, 0, 20, 3, 0, 0, 24 ] ] ]