 degree:10
 order:150
[ 10, 20, 4, 25, 40, 50 ][ 2, 0, 0, 0, 1, 0, 0, 4, 0, 0, 1, 0, 0, 5, 4 ]
minimal polynomial:
[ x-10, x-5, x, x+5, x+10, x^2-10 ]1
[ x-20, x, x+5 ]
[ x-4, x+1 ]
[ x-25, x, x+25 ]
[ x-40, x-20, x, x+20, x+40, x^2-10 ]
[ x-50, x, x+25 ]
 SITA:

[ [ [ 1, 0, 0, 0, 0, 0, 0 ], [ 0, 1, 0, 0, 0, 0, 0 ], [ 0, 0, 1, 0, 0, 0, 0 ], [ 0, 0, 0, 1, 0, 0, 0 ],[ 0, 0, 0, 0, 1, 0, 0 ], [ 0, 0, 0, 0, 0, 1, 0 ], [ 0, 0, 0, 0, 0, 0, 1 ] ],
  [ [ 0, 10, 0, 0, 0, 0, 0 ], [ 1, 0, 4, 0, 0, 0, 5 ], [ 0, 2, 0, 0, 0, 8, 0 ], [ 0, 0, 0, 0, 0, 10, 0 ],[ 0, 0, 0, 0, 0, 0, 10 ], [ 0, 0, 4, 1, 0, 0, 5 ], [ 0, 1, 0, 0, 5, 4, 0 ] ],
  [ [ 0, 0, 20, 0, 0, 0, 0 ], [ 0, 4, 0, 0, 0, 16, 0 ], [ 1, 0, 15, 4, 0, 0, 0 ], [ 0, 0, 20, 0, 0, 0, 0 ],[ 0, 0, 0, 0, 20, 0, 0 ], [ 0, 4, 0, 0, 0, 16, 0 ], [ 0, 0, 0, 0, 0, 0, 20 ] ],
  [ [ 0, 0, 0, 4, 0, 0, 0 ], [ 0, 0, 0, 0, 0, 4, 0 ], [ 0, 0, 4, 0, 0, 0, 0 ], [ 1, 0, 0, 3, 0, 0, 0 ],[ 0, 0, 0, 0, 4, 0, 0 ], [ 0, 1, 0, 0, 0, 3, 0 ], [ 0, 0, 0, 0, 0, 0, 4 ] ],
  [ [ 0, 0, 0, 0, 25, 0, 0 ], [ 0, 0, 0, 0, 0, 0, 25 ], [ 0, 0, 0, 0, 25, 0, 0 ], [ 0, 0, 0, 0, 25, 0, 0 ],[ 1, 0, 20, 4, 0, 0, 0 ], [ 0, 0, 0, 0, 0, 0, 25 ], [ 0, 5, 0, 0, 0, 20, 0 ] ],
  [ [ 0, 0, 0, 0, 0, 40, 0 ], [ 0, 0, 16, 4, 0, 0, 20 ], [ 0, 8, 0, 0, 0, 32, 0 ], [ 0, 10, 0, 0, 0, 30, 0 ],[ 0, 0, 0, 0, 0, 0, 40 ], [ 1, 0, 16, 3, 0, 0, 20 ], [ 0, 4, 0, 0, 20, 16, 0 ] ],
  [ [ 0, 0, 0, 0, 0, 0, 50 ], [ 0, 5, 0, 0, 25, 20, 0 ], [ 0, 0, 0, 0, 0, 0, 50 ], [ 0, 0, 0, 0, 0, 0, 50 ],[ 0, 10, 0, 0, 0, 40, 0 ], [ 0, 5, 0, 0, 25, 20, 0 ], [ 1, 0, 20, 4, 0, 0, 25 ] ] ]