 degree:10
 order:64
[ 10, 10, 1, 2, 20, 20 ][ 4, 10, 0, 2, 0, 0, 10, 0, 2, 0, 0, 0, 0, 0, 8 ]
minimal polynomial:
[ x-10, x, x+10, x^2-2*x-16, x^2+2*x-16 ]1
[ x-10, x, x^2-2*x-16 ]
[ x-1, x+1 ]
[ x-2, x, x+2 ]
[ x-20, x, x^2+6*x-8 ]
[ x-20, x, x+20, x^2-6*x-8, x^2+6*x-8 ]
 SITA:

[ [ [ 1, 0, 0, 0, 0, 0, 0 ], [ 0, 1, 0, 0, 0, 0, 0 ], [ 0, 0, 1, 0, 0, 0, 0 ], [ 0, 0, 0, 1, 0, 0, 0 ],[ 0, 0, 0, 0, 1, 0, 0 ], [ 0, 0, 0, 0, 0, 1, 0 ], [ 0, 0, 0, 0, 0, 0, 1 ] ],
  [ [ 0, 10, 0, 0, 0, 0, 0 ], [ 1, 0, 4, 1, 0, 4, 0 ], [ 0, 4, 0, 0, 2, 0, 4 ], [ 0, 10, 0, 0, 0, 0, 0 ],[ 0, 0, 10, 0, 0, 0, 0 ], [ 0, 2, 0, 0, 0, 0, 8 ], [ 0, 0, 2, 0, 0, 8, 0 ] ],
  [ [ 0, 0, 10, 0, 0, 0, 0 ], [ 0, 4, 0, 0, 2, 0, 4 ], [ 1, 0, 4, 1, 0, 4, 0 ], [ 0, 0, 10, 0, 0, 0, 0 ],[ 0, 10, 0, 0, 0, 0, 0 ], [ 0, 0, 2, 0, 0, 8, 0 ], [ 0, 2, 0, 0, 0, 0, 8 ] ],
  [ [ 0, 0, 0, 1, 0, 0, 0 ], [ 0, 1, 0, 0, 0, 0, 0 ], [ 0, 0, 1, 0, 0, 0, 0 ], [ 1, 0, 0, 0, 0, 0, 0 ],[ 0, 0, 0, 0, 1, 0, 0 ], [ 0, 0, 0, 0, 0, 1, 0 ], [ 0, 0, 0, 0, 0, 0, 1 ] ],
  [ [ 0, 0, 0, 0, 2, 0, 0 ], [ 0, 0, 2, 0, 0, 0, 0 ], [ 0, 2, 0, 0, 0, 0, 0 ], [ 0, 0, 0, 0, 2, 0, 0 ],[ 1, 0, 0, 1, 0, 0, 0 ], [ 0, 0, 0, 0, 0, 0, 2 ], [ 0, 0, 0, 0, 0, 2, 0 ] ],
  [ [ 0, 0, 0, 0, 0, 20, 0 ], [ 0, 4, 0, 0, 0, 0, 16 ], [ 0, 0, 4, 0, 0, 16, 0 ], [ 0, 0, 0, 0, 0, 20, 0 ],[ 0, 0, 0, 0, 0, 0, 20 ], [ 1, 0, 8, 1, 0, 10, 0 ], [ 0, 8, 0, 0, 2, 0, 10 ] ],
  [ [ 0, 0, 0, 0, 0, 0, 20 ], [ 0, 0, 4, 0, 0, 16, 0 ], [ 0, 4, 0, 0, 0, 0, 16 ], [ 0, 0, 0, 0, 0, 0, 20 ],[ 0, 0, 0, 0, 0, 20, 0 ], [ 0, 8, 0, 0, 2, 0, 10 ], [ 1, 0, 8, 1, 0, 10, 0 ] ] ]
