 degree:8
 order:36
 [ 8, 8, 1, 2, 8, 8 ][ 4, 0, 0, 0, 3, 0, 4, 3, 0, 0, 1, 0, 0, 1, 4 ]
minimal polynomial:
[ x-8, x-3, x-1, x, x+1, x+3, x+8 ]
[ x-8, x-1, x+1, x+8 ]
[ x-1, x+1 ]
[ x-2, x, x+2 ]
[ x-8, x-3, x-1, x, x+1, x+3, x+8 ]
[ x-8, x+1 ]
 SITA:
[ [ [ 1, 0, 0, 0, 0, 0, 0 ], [ 0, 1, 0, 0, 0, 0, 0 ], [ 0, 0, 1, 0, 0, 0, 0 ], [ 0, 0, 0, 1, 0, 0, 0 ],
      [ 0, 0, 0, 0, 1, 0, 0 ], [ 0, 0, 0, 0, 0, 1, 0 ], [ 0, 0, 0, 0, 0, 0, 1 ] ],
  [ [ 0, 8, 0, 0, 0, 0, 0 ], [ 1, 0, 4, 0, 0, 0, 3 ], [ 0, 4, 0, 0, 1, 3, 0 ], [ 0, 0, 0, 0, 0, 8, 0 ],
      [ 0, 0, 4, 0, 0, 0, 4 ], [ 0, 0, 3, 1, 0, 0, 4 ], [ 0, 3, 0, 0, 1, 4, 0 ] ],
  [ [ 0, 0, 8, 0, 0, 0, 0 ], [ 0, 4, 0, 0, 1, 3, 0 ], [ 1, 0, 0, 0, 0, 0, 7 ], [ 0, 0, 0, 0, 0, 0, 8 ],
      [ 0, 4, 0, 0, 0, 4, 0 ], [ 0, 3, 0, 0, 1, 4, 0 ], [ 0, 0, 7, 1, 0, 0, 0 ] ],
  [ [ 0, 0, 0, 1, 0, 0, 0 ], [ 0, 0, 0, 0, 0, 1, 0 ], [ 0, 0, 0, 0, 0, 0, 1 ], [ 1, 0, 0, 0, 0, 0, 0 ],
      [ 0, 0, 0, 0, 1, 0, 0 ], [ 0, 1, 0, 0, 0, 0, 0 ], [ 0, 0, 1, 0, 0, 0, 0 ] ],
  [ [ 0, 0, 0, 0, 2, 0, 0 ], [ 0, 0, 1, 0, 0, 0, 1 ], [ 0, 1, 0, 0, 0, 1, 0 ], [ 0, 0, 0, 0, 2, 0, 0 ],
      [ 1, 0, 0, 1, 0, 0, 0 ], [ 0, 0, 1, 0, 0, 0, 1 ], [ 0, 1, 0, 0, 0, 1, 0 ] ],
  [ [ 0, 0, 0, 0, 0, 8, 0 ], [ 0, 0, 3, 1, 0, 0, 4 ], [ 0, 3, 0, 0, 1, 4, 0 ], [ 0, 8, 0, 0, 0, 0, 0 ],
      [ 0, 0, 4, 0, 0, 0, 4 ], [ 1, 0, 4, 0, 0, 0, 3 ], [ 0, 4, 0, 0, 1, 3, 0 ] ],
  [ [ 0, 0, 0, 0, 0, 0, 8 ], [ 0, 3, 0, 0, 1, 4, 0 ], [ 0, 0, 7, 1, 0, 0, 0 ], [ 0, 0, 8, 0, 0, 0, 0 ],
      [ 0, 4, 0, 0, 0, 4, 0 ], [ 0, 4, 0, 0, 1, 3, 0 ], [ 1, 0, 0, 0, 0, 0, 7 ] ] ]
