 degree:8
 order:36
 [ 8, 8, 1, 2, 8, 8 ][ 5, 8, 0, 0, 1, 0, 0, 3, 0, 0, 0, 0, 0, 2, 5 ]
minimal polynomial:
[ x-8, x, x+8, x^2-4*x-6, x^2+4*x-6 ]1
[ x-8, x, x^2-10 ]
[ x-1, x+1 ]
[ x-2, x, x+2 ]
[ x-8, x, x+8, x^2-10 ]
[ x-8, x, x^2+4*x-6 ]
 SITA:
[ [ [ 1, 0, 0, 0, 0, 0, 0 ], [ 0, 1, 0, 0, 0, 0, 0 ], [ 0, 0, 1, 0, 0, 0, 0 ], [ 0, 0, 0, 1, 0, 0, 0 ],
      [ 0, 0, 0, 0, 1, 0, 0 ], [ 0, 0, 0, 0, 0, 1, 0 ], [ 0, 0, 0, 0, 0, 0, 1 ] ],
  [ [ 0, 8, 0, 0, 0, 0, 0 ], [ 1, 0, 5, 1, 0, 0, 1 ], [ 0, 5, 0, 0, 0, 3, 0 ], [ 0, 8, 0, 0, 0, 0, 0 ],
      [ 0, 0, 0, 0, 0, 0, 8 ], [ 0, 0, 3, 0, 0, 0, 5 ], [ 0, 1, 0, 0, 2, 5, 0 ] ],
  [ [ 0, 0, 8, 0, 0, 0, 0 ], [ 0, 5, 0, 0, 0, 3, 0 ], [ 1, 0, 3, 1, 0, 0, 3 ], [ 0, 0, 8, 0, 0, 0, 0 ],
      [ 0, 0, 0, 0, 0, 8, 0 ], [ 0, 3, 0, 0, 2, 3, 0 ], [ 0, 0, 3, 0, 0, 0, 5 ] ],
  [ [ 0, 0, 0, 1, 0, 0, 0 ], [ 0, 1, 0, 0, 0, 0, 0 ], [ 0, 0, 1, 0, 0, 0, 0 ], [ 1, 0, 0, 0, 0, 0, 0 ],
      [ 0, 0, 0, 0, 1, 0, 0 ], [ 0, 0, 0, 0, 0, 1, 0 ], [ 0, 0, 0, 0, 0, 0, 1 ] ],
  [ [ 0, 0, 0, 0, 2, 0, 0 ], [ 0, 0, 0, 0, 0, 0, 2 ], [ 0, 0, 0, 0, 0, 2, 0 ], [ 0, 0, 0, 0, 2, 0, 0 ],
      [ 1, 0, 0, 1, 0, 0, 0 ], [ 0, 0, 2, 0, 0, 0, 0 ], [ 0, 2, 0, 0, 0, 0, 0 ] ],
  [ [ 0, 0, 0, 0, 0, 8, 0 ], [ 0, 0, 3, 0, 0, 0, 5 ], [ 0, 3, 0, 0, 2, 3, 0 ], [ 0, 0, 0, 0, 0, 8, 0 ],
      [ 0, 0, 8, 0, 0, 0, 0 ], [ 1, 0, 3, 1, 0, 0, 3 ], [ 0, 5, 0, 0, 0, 3, 0 ] ],
  [ [ 0, 0, 0, 0, 0, 0, 8 ], [ 0, 1, 0, 0, 2, 5, 0 ], [ 0, 0, 3, 0, 0, 0, 5 ], [ 0, 0, 0, 0, 0, 0, 8 ],
      [ 0, 8, 0, 0, 0, 0, 0 ], [ 0, 5, 0, 0, 0, 3, 0 ], [ 1, 0, 5, 1, 0, 0, 1 ] ] ]
