 degree:10
 order:84
[ 10, 10, 1, 2, 10, 50 ][ 3, 0, 5, 0, 1, 10, 5, 0, 1, 0, 0, 0, 0, 0, 2 ]
minimal polynomial:
[ x-10, x-5, x-2, x, x+2, x+4, x+5 ]
[ x-10, x-5, x, x+2, x+4 ]
[ x-1, x+1 ]
[ x-2, x, x+2 ]
[ x-10, x, x+4 ]
[ x-50, x-8, x, x+10 ]

 SITA:
[ [ [ 1, 0, 0, 0, 0, 0, 0 ], [ 0, 1, 0, 0, 0, 0, 0 ], [ 0, 0, 1, 0, 0, 0, 0 ], [ 0, 0, 0, 1, 0, 0, 0 ],[ 0, 0, 0, 0, 1, 0, 0 ], [ 0, 0, 0, 0, 0, 1, 0 ], [ 0, 0, 0, 0, 0, 0, 1 ] ],
  [ [ 0, 10, 0, 0, 0, 0, 0 ], [ 1, 0, 3, 0, 1, 0, 5 ], [ 0, 3, 0, 1, 1, 0, 5 ], [ 0, 0, 10, 0, 0, 0, 0 ],[ 0, 5, 5, 0, 0, 0, 0 ], [ 0, 0, 0, 0, 0, 0, 10 ], [ 0, 1, 1, 0, 0, 2, 6 ] ],
  [ [ 0, 0, 10, 0, 0, 0, 0 ], [ 0, 3, 0, 1, 1, 0, 5 ], [ 1, 0, 3, 0, 1, 0, 5 ], [ 0, 10, 0, 0, 0, 0, 0 ],[ 0, 5, 5, 0, 0, 0, 0 ], [ 0, 0, 0, 0, 0, 0, 10 ], [ 0, 1, 1, 0, 0, 2, 6 ] ],
  [ [ 0, 0, 0, 1, 0, 0, 0 ], [ 0, 0, 1, 0, 0, 0, 0 ], [ 0, 1, 0, 0, 0, 0, 0 ], [ 1, 0, 0, 0, 0, 0, 0 ],[ 0, 0, 0, 0, 1, 0, 0 ], [ 0, 0, 0, 0, 0, 1, 0 ], [ 0, 0, 0, 0, 0, 0, 1 ] ],
  [ [ 0, 0, 0, 0, 2, 0, 0 ], [ 0, 1, 1, 0, 0, 0, 0 ], [ 0, 1, 1, 0, 0, 0, 0 ], [ 0, 0, 0, 0, 2, 0, 0 ],[ 1, 0, 0, 1, 0, 0, 0 ], [ 0, 0, 0, 0, 0, 2, 0 ], [ 0, 0, 0, 0, 0, 0, 2 ] ],
  [ [ 0, 0, 0, 0, 0, 10, 0 ], [ 0, 0, 0, 0, 0, 0, 10 ], [ 0, 0, 0, 0, 0, 0, 10 ], [ 0, 0, 0, 0, 0, 10, 0 ],[ 0, 0, 0, 0, 0, 10, 0 ], [ 1, 0, 0, 1, 2, 6, 0 ], [ 0, 2, 2, 0, 0, 0, 6 ] ],
  [ [ 0, 0, 0, 0, 0, 0, 50 ], [ 0, 5, 5, 0, 0, 10, 30 ], [ 0, 5, 5, 0, 0, 10, 30 ], [ 0, 0, 0, 0, 0, 0, 50 ],[ 0, 0, 0, 0, 0, 0, 50 ], [ 0, 10, 10, 0, 0, 0, 30 ], [ 1, 6, 6, 1, 2, 6, 28 ] ] ]
