 degree:4
 Order:56
[ 4, 12, 3, 12, 12, 12 ][ 1, 0, 0, 0, 0, 0, 2, 1, 0, 0, 1, 0, 0, 2, 2 ]
minimal polynomial:
[ x-4, x, x+4, x^2-6, x^2-2 ]1
[ x-12, x-2, x+2, x+4 ]
[ x-3, x+1 ]
[ x-12, x, x+12, x^2-32 ]
[ x-12, x, x+12, x^2-18, x^2-6 ]
[ x-12, x-4, x+2 ]
SITA:
[ [ [ 1, 0, 0, 0, 0, 0, 0 ], [ 0, 1, 0, 0, 0, 0, 0 ], [ 0, 0, 1, 0, 0, 0, 0 ], [ 0, 0, 0, 1, 0, 0, 0 ],
      [ 0, 0, 0, 0, 1, 0, 0 ], [ 0, 0, 0, 0, 0, 1, 0 ], [ 0, 0, 0, 0, 0, 0, 1 ] ],
  [ [ 0, 4, 0, 0, 0, 0, 0 ], [ 1, 0, 3, 0, 0, 0, 0 ], [ 0, 1, 0, 0, 2, 1, 0 ], [ 0, 0, 0, 0, 0, 4, 0 ],
      [ 0, 0, 2, 0, 0, 0, 2 ], [ 0, 0, 1, 1, 0, 0, 2 ], [ 0, 0, 0, 0, 2, 2, 0 ] ],
  [ [ 0, 0, 12, 0, 0, 0, 0 ], [ 0, 3, 0, 0, 6, 3, 0 ], [ 1, 0, 4, 1, 0, 0, 6 ], [ 0, 0, 4, 0, 0, 0, 8 ],
      [ 0, 2, 0, 0, 4, 6, 0 ], [ 0, 1, 0, 0, 6, 5, 0 ], [ 0, 0, 6, 2, 0, 0, 4 ] ],
  [ [ 0, 0, 0, 3, 0, 0, 0 ], [ 0, 0, 0, 0, 0, 3, 0 ], [ 0, 0, 1, 0, 0, 0, 2 ], [ 1, 0, 0, 2, 0, 0, 0 ],
      [ 0, 0, 0, 0, 3, 0, 0 ], [ 0, 1, 0, 0, 0, 2, 0 ], [ 0, 0, 2, 0, 0, 0, 1 ] ],
  [ [ 0, 0, 0, 0, 12, 0, 0 ], [ 0, 0, 6, 0, 0, 0, 6 ], [ 0, 2, 0, 0, 4, 6, 0 ], [ 0, 0, 0, 0, 12, 0, 0 ],
      [ 1, 0, 4, 3, 0, 0, 4 ], [ 0, 0, 6, 0, 0, 0, 6 ], [ 0, 2, 0, 0, 4, 6, 0 ] ],
  [ [ 0, 0, 0, 0, 0, 12, 0 ], [ 0, 0, 3, 3, 0, 0, 6 ], [ 0, 1, 0, 0, 6, 5, 0 ], [ 0, 4, 0, 0, 0, 8, 0 ],
      [ 0, 0, 6, 0, 0, 0, 6 ], [ 1, 0, 5, 2, 0, 0, 4 ], [ 0, 2, 0, 0, 6, 4, 0 ] ],
  [ [ 0, 0, 0, 0, 0, 0, 12 ], [ 0, 0, 0, 0, 6, 6, 0 ], [ 0, 0, 6, 2, 0, 0, 4 ], [ 0, 0, 8, 0, 0, 0, 4 ],
      [ 0, 2, 0, 0, 4, 6, 0 ], [ 0, 2, 0, 0, 6, 4, 0 ], [ 1, 0, 4, 1, 0, 0, 6 ] ] ]
