 degree:12
 order:168
[ 12, 48, 3, 24, 32, 48 ][ 2, 12, 0, 0, 0, 0, 4, 0, 2, 0, 0, 0, 6, 0, 4 ]
minimal polynomial:
[ x-12, x-4, x, x^2-72, x^2+4*x-24 ]1
[ x-48, x-12, x, x+16, x^2+16*x-48 ]
[ x-3, x+1 ]
[ x-24, x, x+8, x^2-20*x+72, x^2+24*x+72 ]
[ x-32, x, x^2-16*x-224, x^2-8*x-96 ]
[ x-48, x-16, x, x+12, x^2+16*x-48 ]

 SITA:

[ [ [ 1, 0, 0, 0, 0, 0, 0 ], [ 0, 1, 0, 0, 0, 0, 0 ], [ 0, 0, 1, 0, 0, 0, 0 ], [ 0, 0, 0, 1, 0, 0, 0 ],[ 0, 0, 0, 0, 1, 0, 0 ], [ 0, 0, 0, 0, 0, 1, 0 ], [ 0, 0, 0, 0, 0, 0, 1 ] ],
  [ [ 0, 12, 0, 0, 0, 0, 0 ], [ 1, 0, 8, 3, 0, 0, 0 ], [ 0, 2, 6, 0, 2, 0, 2 ], [ 0, 12, 0, 0, 0, 0, 0 ],[ 0, 0, 4, 0, 0, 8, 0 ], [ 0, 0, 0, 0, 6, 0, 6 ], [ 0, 0, 2, 0, 0, 4, 6 ] ],
  [ [ 0, 0, 48, 0, 0, 0, 0 ], [ 0, 8, 24, 0, 8, 0, 8 ], [ 1, 6, 8, 3, 6, 12, 12 ], [ 0, 0, 48, 0, 0, 0, 0 ],[ 0, 4, 12, 0, 4, 0, 28 ], [ 0, 0, 18, 0, 0, 12, 18 ], [ 0, 2, 12, 0, 14, 12, 8 ] ],
  [ [ 0, 0, 0, 3, 0, 0, 0 ], [ 0, 3, 0, 0, 0, 0, 0 ], [ 0, 0, 3, 0, 0, 0, 0 ], [ 1, 0, 0, 2, 0, 0, 0 ],[ 0, 0, 0, 0, 3, 0, 0 ], [ 0, 0, 0, 0, 0, 3, 0 ], [ 0, 0, 0, 0, 0, 0, 3 ] ],
  [ [ 0, 0, 0, 0, 24, 0, 0 ], [ 0, 0, 8, 0, 0, 16, 0 ], [ 0, 2, 6, 0, 2, 0, 14 ], [ 0, 0, 0, 0, 24, 0, 0 ],[ 1, 0, 4, 3, 0, 16, 0 ], [ 0, 6, 0, 0, 12, 0, 6 ], [ 0, 0, 14, 0, 0, 4, 6 ] ],
  [ [ 0, 0, 0, 0, 0, 32, 0 ], [ 0, 0, 0, 0, 16, 0, 16 ], [ 0, 0, 12, 0, 0, 8, 12 ], [ 0, 0, 0, 0, 0, 32, 0 ],[ 0, 8, 0, 0, 16, 0, 8 ], [ 1, 0, 12, 3, 0, 16, 0 ], [ 0, 4, 12, 0, 4, 0, 12 ] ],
  [ [ 0, 0, 0, 0, 0, 0, 48 ], [ 0, 0, 8, 0, 0, 16, 24 ], [ 0, 2, 12, 0, 14, 12, 8 ], [ 0, 0, 0, 0, 0, 0, 48 ],[ 0, 0, 28, 0, 0, 8, 12 ], [ 0, 6, 18, 0, 6, 0, 18 ], [ 1, 6, 8, 3, 6, 12, 12 ] ] ]