 degree:10
 order:44
[ 10, 10, 1, 2, 10, 10 ][ 5, 0, 0, 0, 4, 0, 5, 4, 0, 0, 1, 0, 0, 1, 5 ]
minimal polynomial:
[ x-10, x-1, x, x+1, x+10, x^2-11 ]1
[ x-10, x-1, x+1, x+10 ]
[ x-1, x+1 ]
[ x-2, x, x+2 ]
[ x-10, x-1, x, x+1, x+10, x^2-11 ]
[ x-10, x+1 ]
 SITA:

[ [ [ 1, 0, 0, 0, 0, 0, 0 ], [ 0, 1, 0, 0, 0, 0, 0 ], [ 0, 0, 1, 0, 0, 0, 0 ], [ 0, 0, 0, 1, 0, 0, 0 ],
      [ 0, 0, 0, 0, 1, 0, 0 ], [ 0, 0, 0, 0, 0, 1, 0 ], [ 0, 0, 0, 0, 0, 0, 1 ] ],
  [ [ 0, 10, 0, 0, 0, 0, 0 ], [ 1, 0, 5, 0, 0, 0, 4 ], [ 0, 5, 0, 0, 1, 4, 0 ], [ 0, 0, 0, 0, 0, 10, 0 ],
      [ 0, 0, 5, 0, 0, 0, 5 ], [ 0, 0, 4, 1, 0, 0, 5 ], [ 0, 4, 0, 0, 1, 5, 0 ] ],
  [ [ 0, 0, 10, 0, 0, 0, 0 ], [ 0, 5, 0, 0, 1, 4, 0 ], [ 1, 0, 0, 0, 0, 0, 9 ], [ 0, 0, 0, 0, 0, 0, 10 ],
      [ 0, 5, 0, 0, 0, 5, 0 ], [ 0, 4, 0, 0, 1, 5, 0 ], [ 0, 0, 9, 1, 0, 0, 0 ] ],
  [ [ 0, 0, 0, 1, 0, 0, 0 ], [ 0, 0, 0, 0, 0, 1, 0 ], [ 0, 0, 0, 0, 0, 0, 1 ], [ 1, 0, 0, 0, 0, 0, 0 ],
      [ 0, 0, 0, 0, 1, 0, 0 ], [ 0, 1, 0, 0, 0, 0, 0 ], [ 0, 0, 1, 0, 0, 0, 0 ] ],
  [ [ 0, 0, 0, 0, 2, 0, 0 ], [ 0, 0, 1, 0, 0, 0, 1 ], [ 0, 1, 0, 0, 0, 1, 0 ], [ 0, 0, 0, 0, 2, 0, 0 ],
      [ 1, 0, 0, 1, 0, 0, 0 ], [ 0, 0, 1, 0, 0, 0, 1 ], [ 0, 1, 0, 0, 0, 1, 0 ] ],
  [ [ 0, 0, 0, 0, 0, 10, 0 ], [ 0, 0, 4, 1, 0, 0, 5 ], [ 0, 4, 0, 0, 1, 5, 0 ], [ 0, 10, 0, 0, 0, 0, 0 ],
      [ 0, 0, 5, 0, 0, 0, 5 ], [ 1, 0, 5, 0, 0, 0, 4 ], [ 0, 5, 0, 0, 1, 4, 0 ] ],
  [ [ 0, 0, 0, 0, 0, 0, 10 ], [ 0, 4, 0, 0, 1, 5, 0 ], [ 0, 0, 9, 1, 0, 0, 0 ], [ 0, 0, 10, 0, 0, 0, 0 ],
      [ 0, 5, 0, 0, 0, 5, 0 ], [ 0, 5, 0, 0, 1, 4, 0 ], [ 1, 0, 0, 0, 0, 0, 9 ] ] ]
