 degree:12
 order:80
[ 12, 36, 3, 4, 12, 12 ][ 2, 4, 0, 2, 1, 0, 9, 9, 6, 0, 0, 2, 0, 1, 1 ]
minimal polynomial:
[ x-12, x, x+4, x^2-10, x^2+2*x-18 ]1
[ x-36, x, x+12, x^2-4*x-72 ]
[ x-3, x+1 ]
[ x-4, x+1 ]
[ x-12, x-1, x+3, x+4 ]
[ x-12, x, x+4, x^2-10, x^2+2*x-18 ]

 SITA: 

[ [ [ 1, 0, 0, 0, 0, 0, 0 ], [ 0, 1, 0, 0, 0, 0, 0 ], [ 0, 0, 1, 0, 0, 0, 0 ], [ 0, 0, 0, 1, 0, 0, 0 ],[ 0, 0, 0, 0, 1, 0, 0 ], [ 0, 0, 0, 0, 0, 1, 0 ], [ 0, 0, 0, 0, 0, 0, 1 ] ],
  [ [ 0, 12, 0, 0, 0, 0, 0 ], [ 1, 1, 6, 1, 0, 2, 1 ], [ 0, 2, 4, 0, 1, 3, 2 ], [ 0, 4, 0, 0, 0, 0, 8 ],[ 0, 0, 9, 0, 0, 0, 3 ], [ 0, 2, 9, 0, 0, 0, 1 ], [ 0, 1, 6, 2, 1, 1, 1 ] ],
  [ [ 0, 0, 36, 0, 0, 0, 0 ], [ 0, 6, 12, 0, 3, 9, 6 ], [ 1, 4, 16, 3, 2, 6, 4 ], [ 0, 0, 36, 0, 0, 0, 0 ],[ 0, 9, 18, 0, 0, 0, 9 ], [ 0, 9, 18, 0, 0, 0, 9 ], [ 0, 6, 12, 0, 3, 9, 6 ] ],
  [ [ 0, 0, 0, 3, 0, 0, 0 ], [ 0, 1, 0, 0, 0, 0, 2 ], [ 0, 0, 3, 0, 0, 0, 0 ], [ 1, 0, 0, 2, 0, 0, 0 ],[ 0, 0, 0, 0, 0, 3, 0 ], [ 0, 0, 0, 0, 1, 2, 0 ], [ 0, 2, 0, 0, 0, 0, 1 ] ],
  [ [ 0, 0, 0, 0, 4, 0, 0 ], [ 0, 0, 3, 0, 0, 0, 1 ], [ 0, 1, 2, 0, 0, 0, 1 ], [ 0, 0, 0, 0, 0, 4, 0 ],[ 1, 0, 0, 0, 3, 0, 0 ], [ 0, 0, 0, 1, 0, 3, 0 ], [ 0, 1, 3, 0, 0, 0, 0 ] ],
  [ [ 0, 0, 0, 0, 0, 12, 0 ], [ 0, 2, 9, 0, 0, 0, 1 ], [ 0, 3, 6, 0, 0, 0, 3 ], [ 0, 0, 0, 0, 4, 8, 0 ],[ 0, 0, 0, 3, 0, 9, 0 ], [ 1, 0, 0, 2, 3, 6, 0 ], [ 0, 1, 9, 0, 0, 0, 2 ] ],
  [ [ 0, 0, 0, 0, 0, 0, 12 ], [ 0, 1, 6, 2, 1, 1, 1 ], [ 0, 2, 4, 0, 1, 3, 2 ], [ 0, 8, 0, 0, 0, 0, 4 ],[ 0, 3, 9, 0, 0, 0, 0 ], [ 0, 1, 9, 0, 0, 0, 2 ], [ 1, 1, 6, 1, 0, 2, 1 ] ] ]