 degree:10
 order:48
[ 10, 10, 1, 2, 4, 20 ][ 4, 10, 0, 0, 2, 0, 10, 0, 2, 0, 0, 0, 0, 0, 2 ]
minimal polynomial:
[ x-10, x, x+2, x^2-20, x^2+4*x-20 ]1
[ x-10, x, x+2, x^2-4*x-20, x^2-20 ]
[ x-1, x+1 ]
[ x-2, x, x+2 ]
[ x-4, x, x+4 ]
[ x-20, x, x+4, x^2-80 ]
 SITA:

[ [ [ 1, 0, 0, 0, 0, 0, 0 ], [ 0, 1, 0, 0, 0, 0, 0 ], [ 0, 0, 1, 0, 0, 0, 0 ], [ 0, 0, 0, 1, 0, 0, 0 ],
      [ 0, 0, 0, 0, 1, 0, 0 ], [ 0, 0, 0, 0, 0, 1, 0 ], [ 0, 0, 0, 0, 0, 0, 1 ] ],
  [ [ 0, 10, 0, 0, 0, 0, 0 ], [ 1, 0, 4, 1, 0, 0, 4 ], [ 0, 4, 0, 0, 2, 0, 4 ], [ 0, 10, 0, 0, 0, 0, 0 ],
      [ 0, 0, 10, 0, 0, 0, 0 ], [ 0, 0, 0, 0, 0, 0, 10 ], [ 0, 2, 2, 0, 0, 2, 4 ] ],
  [ [ 0, 0, 10, 0, 0, 0, 0 ], [ 0, 4, 0, 0, 2, 0, 4 ], [ 1, 0, 4, 1, 0, 0, 4 ], [ 0, 0, 10, 0, 0, 0, 0 ],
      [ 0, 10, 0, 0, 0, 0, 0 ], [ 0, 0, 0, 0, 0, 0, 10 ], [ 0, 2, 2, 0, 0, 2, 4 ] ],
  [ [ 0, 0, 0, 1, 0, 0, 0 ], [ 0, 1, 0, 0, 0, 0, 0 ], [ 0, 0, 1, 0, 0, 0, 0 ], [ 1, 0, 0, 0, 0, 0, 0 ],
      [ 0, 0, 0, 0, 1, 0, 0 ], [ 0, 0, 0, 0, 0, 1, 0 ], [ 0, 0, 0, 0, 0, 0, 1 ] ],
  [ [ 0, 0, 0, 0, 2, 0, 0 ], [ 0, 0, 2, 0, 0, 0, 0 ], [ 0, 2, 0, 0, 0, 0, 0 ], [ 0, 0, 0, 0, 2, 0, 0 ],
      [ 1, 0, 0, 1, 0, 0, 0 ], [ 0, 0, 0, 0, 0, 2, 0 ], [ 0, 0, 0, 0, 0, 0, 2 ] ],
  [ [ 0, 0, 0, 0, 0, 4, 0 ], [ 0, 0, 0, 0, 0, 0, 4 ], [ 0, 0, 0, 0, 0, 0, 4 ], [ 0, 0, 0, 0, 0, 4, 0 ],
      [ 0, 0, 0, 0, 0, 4, 0 ], [ 1, 0, 0, 1, 2, 0, 0 ], [ 0, 2, 2, 0, 0, 0, 0 ] ],
  [ [ 0, 0, 0, 0, 0, 0, 20 ], [ 0, 4, 4, 0, 0, 4, 8 ], [ 0, 4, 4, 0, 0, 4, 8 ], [ 0, 0, 0, 0, 0, 0, 20 ],
      [ 0, 0, 0, 0, 0, 0, 20 ], [ 0, 10, 10, 0, 0, 0, 0 ], [ 1, 4, 4, 1, 2, 0, 8 ] ] ]