 degree:10
 order:36
 [ 10, 5, 2, 3, 5, 10 ][ 8, 10, 0, 0, 3, 0, 0, 2, 0, 0, 0, 0, 0, 3, 4 ]
minimal polynomial:
[ x-10, x-6, x-1, x, x+1, x+6, x+10 ]
[ x-5, x-3, x, x+4 ]
[ x-2, x+1 ]
[ x-3, x, x+3 ]
[ x-5, x-4, x-3, x, x+3, x+4, x+5 ]
[ x-10, x-1, x, x+6 ]
 SITA:
[ [ [ 1, 0, 0, 0, 0, 0, 0 ], [ 0, 1, 0, 0, 0, 0, 0 ], [ 0, 0, 1, 0, 0, 0, 0 ], [ 0, 0, 0, 1, 0, 0, 0 ],
      [ 0, 0, 0, 0, 1, 0, 0 ], [ 0, 0, 0, 0, 0, 1, 0 ], [ 0, 0, 0, 0, 0, 0, 1 ] ],
  [ [ 0, 10, 0, 0, 0, 0, 0 ], [ 1, 0, 4, 2, 0, 0, 3 ], [ 0, 8, 0, 0, 0, 2, 0 ], [ 0, 10, 0, 0, 0, 0, 0 ],
      [ 0, 0, 0, 0, 0, 0, 10 ], [ 0, 0, 2, 0, 0, 0, 8 ], [ 0, 3, 0, 0, 3, 4, 0 ] ],
  [ [ 0, 0, 5, 0, 0, 0, 0 ], [ 0, 4, 0, 0, 0, 1, 0 ], [ 1, 0, 0, 2, 0, 0, 2 ], [ 0, 0, 5, 0, 0, 0, 0 ],
      [ 0, 0, 0, 0, 0, 5, 0 ], [ 0, 2, 0, 0, 3, 0, 0 ], [ 0, 0, 1, 0, 0, 0, 4 ] ],
  [ [ 0, 0, 0, 2, 0, 0, 0 ], [ 0, 2, 0, 0, 0, 0, 0 ], [ 0, 0, 2, 0, 0, 0, 0 ], [ 1, 0, 0, 1, 0, 0, 0 ],
      [ 0, 0, 0, 0, 2, 0, 0 ], [ 0, 0, 0, 0, 0, 2, 0 ], [ 0, 0, 0, 0, 0, 0, 2 ] ],
  [ [ 0, 0, 0, 0, 3, 0, 0 ], [ 0, 0, 0, 0, 0, 0, 3 ], [ 0, 0, 0, 0, 0, 3, 0 ], [ 0, 0, 0, 0, 3, 0, 0 ],
      [ 1, 0, 0, 2, 0, 0, 0 ], [ 0, 0, 3, 0, 0, 0, 0 ], [ 0, 3, 0, 0, 0, 0, 0 ] ],
  [ [ 0, 0, 0, 0, 0, 5, 0 ], [ 0, 0, 1, 0, 0, 0, 4 ], [ 0, 2, 0, 0, 3, 0, 0 ], [ 0, 0, 0, 0, 0, 5, 0 ],
      [ 0, 0, 5, 0, 0, 0, 0 ], [ 1, 0, 0, 2, 0, 0, 2 ], [ 0, 4, 0, 0, 0, 1, 0 ] ],
  [ [ 0, 0, 0, 0, 0, 0, 10 ], [ 0, 3, 0, 0, 3, 4, 0 ], [ 0, 0, 2, 0, 0, 0, 8 ], [ 0, 0, 0, 0, 0, 0, 10 ],
      [ 0, 10, 0, 0, 0, 0, 0 ], [ 0, 8, 0, 0, 0, 2, 0 ], [ 1, 0, 4, 2, 0, 0, 3 ] ] ]
