 degree:12
 order:164
[ 12, 40, 1, 30, 40, 40 ][ 3, 12, 0, 0, 0, 0, 4, 6, 0, 0, 0, 0, 0, 6, 6 ]
minimal polynomial:
[ x-12, x, x+12, x^4-42*x^2+72 ]3
[ x-40, x, x^2+2*x-40 ]
[ x-1, x+1 ]
[ x-30, x, x+30, x^4-78*x^2+1152 ]
[ x-40, x, x+40, x^4-84*x^2+288 ]
[ x-40, x, x^2+2*x-40 ]

 SITA: 

[ [ [ 1, 0, 0, 0, 0, 0, 0 ], [ 0, 1, 0, 0, 0, 0, 0 ], [ 0, 0, 1, 0, 0, 0, 0 ], [ 0, 0, 0, 1, 0, 0, 0 ],[ 0, 0, 0, 0, 1, 0, 0 ], [ 0, 0, 0, 0, 0, 1, 0 ], [ 0, 0, 0, 0, 0, 0, 1 ] ],
  [ [ 0, 12, 0, 0, 0, 0, 0 ], [ 1, 0, 10, 1, 0, 0, 0 ], [ 0, 3, 0, 0, 3, 6, 0 ], [ 0, 12, 0, 0, 0, 0, 0 ],[ 0, 0, 4, 0, 0, 0, 8 ], [ 0, 0, 6, 0, 0, 0, 6 ], [ 0, 0, 0, 0, 6, 6, 0 ] ],
  [ [ 0, 0, 40, 0, 0, 0, 0 ], [ 0, 10, 0, 0, 10, 20, 0 ], [ 1, 0, 18, 1, 0, 0, 20 ], [ 0, 0, 40, 0, 0, 0, 0 ],[ 0, 4, 0, 0, 12, 24, 0 ], [ 0, 6, 0, 0, 18, 16, 0 ], [ 0, 0, 20, 0, 0, 0, 20 ] ],
  [ [ 0, 0, 0, 1, 0, 0, 0 ], [ 0, 1, 0, 0, 0, 0, 0 ], [ 0, 0, 1, 0, 0, 0, 0 ], [ 1, 0, 0, 0, 0, 0, 0 ],[ 0, 0, 0, 0, 1, 0, 0 ], [ 0, 0, 0, 0, 0, 1, 0 ], [ 0, 0, 0, 0, 0, 0, 1 ] ],
  [ [ 0, 0, 0, 0, 30, 0, 0 ], [ 0, 0, 10, 0, 0, 0, 20 ], [ 0, 3, 0, 0, 9, 18, 0 ], [ 0, 0, 0, 0, 30, 0, 0 ],[ 1, 0, 12, 1, 0, 0, 16 ], [ 0, 0, 18, 0, 0, 0, 12 ], [ 0, 6, 0, 0, 12, 12, 0 ] ],
  [ [ 0, 0, 0, 0, 0, 40, 0 ], [ 0, 0, 20, 0, 0, 0, 20 ], [ 0, 6, 0, 0, 18, 16, 0 ], [ 0, 0, 0, 0, 0, 40, 0 ],[ 0, 0, 24, 0, 0, 0, 16 ], [ 1, 0, 16, 1, 0, 0, 22 ], [ 0, 6, 0, 0, 12, 22, 0 ] ],
  [ [ 0, 0, 0, 0, 0, 0, 40 ], [ 0, 0, 0, 0, 20, 20, 0 ], [ 0, 0, 20, 0, 0, 0, 20 ], [ 0, 0, 0, 0, 0, 0, 40 ],[ 0, 8, 0, 0, 16, 16, 0 ], [ 0, 6, 0, 0, 12, 22, 0 ], [ 1, 0, 20, 1, 0, 0, 18 ] ] ]