 degree:10
 order:160
[ 10, 25, 4, 30, 40, 50 ][ 2, 10, 0, 0, 0, 0, 0, 5, 0, 0, 0, 0, 0, 6, 4 ]
minimal polynomial:
[ x-10, x, x+10, x^2-60, x^2-20 ]1
[ x-25, x-5, x, x+15 ]
[ x-4, x+1 ]
[ x-30, x, x+30, x^2-180, x^2-60 ]
[ x-40, x, x+40, x^2-320 ]
[ x-50, x-10, x, x+10 ]

 SITA:

[ [ [ 1, 0, 0, 0, 0, 0, 0 ], [ 0, 1, 0, 0, 0, 0, 0 ], [ 0, 0, 1, 0, 0, 0, 0 ], [ 0, 0, 0, 1, 0, 0, 0 ],[ 0, 0, 0, 0, 1, 0, 0 ], [ 0, 0, 0, 0, 0, 1, 0 ], [ 0, 0, 0, 0, 0, 0, 1 ] ],
  [ [ 0, 10, 0, 0, 0, 0, 0 ], [ 1, 0, 5, 4, 0, 0, 0 ], [ 0, 2, 0, 0, 0, 8, 0 ], [ 0, 10, 0, 0, 0, 0, 0 ],[ 0, 0, 0, 0, 0, 0, 10 ], [ 0, 0, 5, 0, 0, 0, 5 ], [ 0, 0, 0, 0, 6, 4, 0 ] ],
  [ [ 0, 0, 25, 0, 0, 0, 0 ], [ 0, 5, 0, 0, 0, 20, 0 ], [ 1, 0, 0, 4, 0, 0, 20 ], [ 0, 0, 25, 0, 0, 0, 0 ],[ 0, 0, 0, 0, 5, 20, 0 ], [ 0, 5, 0, 0, 15, 5, 0 ], [ 0, 0, 10, 0, 0, 0, 15 ] ],
  [ [ 0, 0, 0, 4, 0, 0, 0 ], [ 0, 4, 0, 0, 0, 0, 0 ], [ 0, 0, 4, 0, 0, 0, 0 ], [ 1, 0, 0, 3, 0, 0, 0 ],[ 0, 0, 0, 0, 4, 0, 0 ], [ 0, 0, 0, 0, 0, 4, 0 ], [ 0, 0, 0, 0, 0, 0, 4 ] ],
  [ [ 0, 0, 0, 0, 30, 0, 0 ], [ 0, 0, 0, 0, 0, 0, 30 ], [ 0, 0, 0, 0, 6, 24, 0 ], [ 0, 0, 0, 0, 30, 0, 0 ],[ 1, 0, 5, 4, 0, 0, 20 ], [ 0, 0, 15, 0, 0, 0, 15 ], [ 0, 6, 0, 0, 12, 12, 0 ] ],
  [ [ 0, 0, 0, 0, 0, 40, 0 ], [ 0, 0, 20, 0, 0, 0, 20 ], [ 0, 8, 0, 0, 24, 8, 0 ], [ 0, 0, 0, 0, 0, 40, 0 ],[ 0, 0, 20, 0, 0, 0, 20 ], [ 1, 0, 5, 4, 0, 0, 30 ], [ 0, 4, 0, 0, 12, 24, 0 ] ],
  [ [ 0, 0, 0, 0, 0, 0, 50 ], [ 0, 0, 0, 0, 30, 20, 0 ], [ 0, 0, 20, 0, 0, 0, 30 ], [ 0, 0, 0, 0, 0, 0, 50 ],[ 0, 10, 0, 0, 20, 20, 0 ], [ 0, 5, 0, 0, 15, 30, 0 ], [ 1, 0, 15, 4, 0, 0, 30 ] ] ]