 degree:10
 order:168
 [ 10, 5, 2, 10, 60, 80 ][ 2, 10, 0, 1, 0, 0, 4, 0, 0, 0, 0, 0, 1, 0, 6 ]
minimal polynomial:
[ x-10, x-6, x, x+4, x+8, x^2-24 ]1
[ x-5, x, x+3 ]
[ x-2, x+1 ]
[ x-10, x-6, x, x+4, x+8, x^2-24 ]
[ x-60, x-24, x, x+4, x+24 ]
[ x-80, x-24, x, x+16 ]
 SITA:
[ [ [ 1, 0, 0, 0, 0, 0, 0 ], [ 0, 1, 0, 0, 0, 0, 0 ], [ 0, 0, 1, 0, 0, 0, 0 ], [ 0, 0, 0, 1, 0, 0, 0 ],
      [ 0, 0, 0, 0, 1, 0, 0 ], [ 0, 0, 0, 0, 0, 1, 0 ], [ 0, 0, 0, 0, 0, 0, 1 ] ],
  [ [ 0, 10, 0, 0, 0, 0, 0 ], [ 1, 0, 1, 2, 0, 6, 0 ], [ 0, 2, 0, 0, 8, 0, 0 ], [ 0, 10, 0, 0, 0, 0, 0 ],
      [ 0, 0, 4, 0, 0, 6, 0 ], [ 0, 1, 0, 0, 1, 0, 8 ], [ 0, 0, 0, 0, 0, 6, 4 ] ],
  [ [ 0, 0, 5, 0, 0, 0, 0 ], [ 0, 1, 0, 0, 4, 0, 0 ], [ 1, 0, 2, 2, 0, 0, 0 ], [ 0, 0, 5, 0, 0, 0, 0 ],
      [ 0, 4, 0, 0, 1, 0, 0 ], [ 0, 0, 0, 0, 0, 5, 0 ], [ 0, 0, 0, 0, 0, 0, 5 ] ],
  [ [ 0, 0, 0, 2, 0, 0, 0 ], [ 0, 2, 0, 0, 0, 0, 0 ], [ 0, 0, 2, 0, 0, 0, 0 ], [ 1, 0, 0, 1, 0, 0, 0 ],
      [ 0, 0, 0, 0, 2, 0, 0 ], [ 0, 0, 0, 0, 0, 2, 0 ], [ 0, 0, 0, 0, 0, 0, 2 ] ],
  [ [ 0, 0, 0, 0, 10, 0, 0 ], [ 0, 0, 4, 0, 0, 6, 0 ], [ 0, 8, 0, 0, 2, 0, 0 ], [ 0, 0, 0, 0, 10, 0, 0 ],
      [ 1, 0, 1, 2, 0, 6, 0 ], [ 0, 1, 0, 0, 1, 0, 8 ], [ 0, 0, 0, 0, 0, 6, 4 ] ],
  [ [ 0, 0, 0, 0, 0, 60, 0 ], [ 0, 6, 0, 0, 6, 0, 48 ], [ 0, 0, 0, 0, 0, 60, 0 ], [ 0, 0, 0, 0, 0, 60, 0 ],
      [ 0, 6, 0, 0, 6, 0, 48 ], [ 1, 0, 5, 2, 0, 20, 32 ], [ 0, 6, 0, 0, 6, 24, 24 ] ],
  [ [ 0, 0, 0, 0, 0, 0, 80 ], [ 0, 0, 0, 0, 0, 48, 32 ], [ 0, 0, 0, 0, 0, 0, 80 ], [ 0, 0, 0, 0, 0, 0, 80 ],
      [ 0, 0, 0, 0, 0, 48, 32 ], [ 0, 8, 0, 0, 8, 32, 32 ], [ 1, 4, 5, 2, 4, 24, 40 ] ] ]

