 degree:10
 order:120
[ 10, 10, 1, 8, 10, 80 ][ 8, 0, 0, 1, 0, 10, 0, 1, 0, 0, 0, 0, 0, 1, 1 ]
minimal polynomial:
[ x-10, x, x+2, x^2-8*x-10, x^2+8*x-10 ]1
[ x-10, x, x+2, x^2-8*x-10 ]
[ x-1, x+1 ]
[ x-8, x, x+2 ]
[ x-10, x, x+10 ]
[ x-80, x, x+16, x^2+16*x-40 ]

 SITA:

[ [ [ 1, 0, 0, 0, 0, 0, 0 ], [ 0, 1, 0, 0, 0, 0, 0 ], [ 0, 0, 1, 0, 0, 0, 0 ], [ 0, 0, 0, 1, 0, 0, 0 ],[ 0, 0, 0, 0, 1, 0, 0 ], [ 0, 0, 0, 0, 0, 1, 0 ], [ 0, 0, 0, 0, 0, 0, 1 ] ],
  [ [ 0, 10, 0, 0, 0, 0, 0 ], [ 1, 0, 8, 0, 0, 1, 0 ], [ 0, 8, 0, 1, 0, 1, 0 ], [ 0, 0, 10, 0, 0, 0, 0 ],[ 0, 0, 0, 0, 0, 0, 10 ], [ 0, 1, 1, 0, 0, 0, 8 ], [ 0, 0, 0, 0, 1, 1, 8 ] ],
  [ [ 0, 0, 10, 0, 0, 0, 0 ], [ 0, 8, 0, 1, 0, 1, 0 ], [ 1, 0, 8, 0, 0, 1, 0 ], [ 0, 10, 0, 0, 0, 0, 0 ],[ 0, 0, 0, 0, 0, 0, 10 ], [ 0, 1, 1, 0, 0, 0, 8 ], [ 0, 0, 0, 0, 1, 1, 8 ] ],
  [ [ 0, 0, 0, 1, 0, 0, 0 ], [ 0, 0, 1, 0, 0, 0, 0 ], [ 0, 1, 0, 0, 0, 0, 0 ], [ 1, 0, 0, 0, 0, 0, 0 ],[ 0, 0, 0, 0, 1, 0, 0 ], [ 0, 0, 0, 0, 0, 1, 0 ], [ 0, 0, 0, 0, 0, 0, 1 ] ],
  [ [ 0, 0, 0, 0, 8, 0, 0 ], [ 0, 0, 0, 0, 0, 0, 8 ], [ 0, 0, 0, 0, 0, 0, 8 ], [ 0, 0, 0, 0, 8, 0, 0 ],[ 1, 0, 0, 1, 6, 0, 0 ], [ 0, 0, 0, 0, 0, 8, 0 ], [ 0, 1, 1, 0, 0, 0, 6 ] ],
  [ [ 0, 0, 0, 0, 0, 10, 0 ], [ 0, 1, 1, 0, 0, 0, 8 ], [ 0, 1, 1, 0, 0, 0, 8 ], [ 0, 0, 0, 0, 0, 10, 0 ],[ 0, 0, 0, 0, 0, 10, 0 ], [ 1, 0, 0, 1, 8, 0, 0 ], [ 0, 1, 1, 0, 0, 0, 8 ] ],
  [ [ 0, 0, 0, 0, 0, 0, 80 ], [ 0, 0, 0, 0, 8, 8, 64 ], [ 0, 0, 0, 0, 8, 8, 64 ], [ 0, 0, 0, 0, 0, 0, 80 ],[ 0, 10, 10, 0, 0, 0, 60 ], [ 0, 8, 8, 0, 0, 0, 64 ], [ 1, 8, 8, 1, 6, 8, 48 ] ] ]
