 degree:10
 order:104
[ 10, 20, 1, 12, 30, 30 ][ 4, 10, 0, 0, 0, 0, 0, 4, 0, 0, 0, 0, 0, 4, 6 ]
minimal polynomial:
[ x-10, x-2, x, x+2, x+10, x^2-48 ]1
[ x-20, x-7, x, x+4 ]
[ x-1, x+1 ]
[ x-12, x-4, x, x+4, x+12, x^2-27 ]
[ x-30, x-6, x, x+6, x+30, x^2-3 ]
[ x-30, x-2, x, x+9 ]
 SITA:

[ [ [ 1, 0, 0, 0, 0, 0, 0 ], [ 0, 1, 0, 0, 0, 0, 0 ], [ 0, 0, 1, 0, 0, 0, 0 ], [ 0, 0, 0, 1, 0, 0, 0 ],[ 0, 0, 0, 0, 1, 0, 0 ], [ 0, 0, 0, 0, 0, 1, 0 ], [ 0, 0, 0, 0, 0, 0, 1 ] ],
  [ [ 0, 10, 0, 0, 0, 0, 0 ], [ 1, 0, 8, 1, 0, 0, 0 ], [ 0, 4, 0, 0, 0, 6, 0 ], [ 0, 10, 0, 0, 0, 0, 0 ],[ 0, 0, 0, 0, 0, 0, 10 ], [ 0, 0, 4, 0, 0, 0, 6 ], [ 0, 0, 0, 0, 4, 6, 0 ] ],
  [ [ 0, 0, 20, 0, 0, 0, 0 ], [ 0, 8, 0, 0, 0, 12, 0 ], [ 1, 0, 9, 1, 0, 0, 9 ], [ 0, 0, 20, 0, 0, 0, 0 ],[ 0, 0, 0, 0, 5, 15, 0 ], [ 0, 4, 0, 0, 6, 10, 0 ], [ 0, 0, 6, 0, 0, 0, 14 ] ],
  [ [ 0, 0, 0, 1, 0, 0, 0 ], [ 0, 1, 0, 0, 0, 0, 0 ], [ 0, 0, 1, 0, 0, 0, 0 ], [ 1, 0, 0, 0, 0, 0, 0 ],[ 0, 0, 0, 0, 1, 0, 0 ], [ 0, 0, 0, 0, 0, 1, 0 ], [ 0, 0, 0, 0, 0, 0, 1 ] ],
  [ [ 0, 0, 0, 0, 12, 0, 0 ], [ 0, 0, 0, 0, 0, 0, 12 ], [ 0, 0, 0, 0, 3, 9, 0 ], [ 0, 0, 0, 0, 12, 0, 0 ],[ 1, 0, 5, 1, 0, 0, 5 ], [ 0, 0, 6, 0, 0, 0, 6 ], [ 0, 4, 0, 0, 2, 6, 0 ] ],
  [ [ 0, 0, 0, 0, 0, 30, 0 ], [ 0, 0, 12, 0, 0, 0, 18 ], [ 0, 6, 0, 0, 9, 15, 0 ], [ 0, 0, 0, 0, 0, 30, 0 ],[ 0, 0, 15, 0, 0, 0, 15 ], [ 1, 0, 10, 1, 0, 0, 18 ], [ 0, 6, 0, 0, 6, 18, 0 ] ],
  [ [ 0, 0, 0, 0, 0, 0, 30 ], [ 0, 0, 0, 0, 12, 18, 0 ], [ 0, 0, 9, 0, 0, 0, 21 ], [ 0, 0, 0, 0, 0, 0, 30 ],[ 0, 10, 0, 0, 5, 15, 0 ], [ 0, 6, 0, 0, 6, 18, 0 ], [ 1, 0, 14, 1, 0, 0, 14 ] ] ]
