 degree:12
 order:84
[ 12, 48, 1, 2, 8, 12 ][ 2, 0, 6, 0, 2, 0, 0, 12, 8, 0, 0, 1, 0, 1, 0 ]
minimal polynomial:
[ x-12, x-4, x, x+2, x+6, x^2+2*x-12 ]1
[ x-48, x-12, x, x+8 ]
[ x-1, x+1 ]
[ x-2, x, x+2 ]
[ x-8, x, x+4 ]
[ x-12, x-4, x, x+2, x+6, x^2-2*x-12 ]

 SITA:

[ [ [ 1, 0, 0, 0, 0, 0, 0 ], [ 0, 1, 0, 0, 0, 0, 0 ], [ 0, 0, 1, 0, 0, 0, 0 ], [ 0, 0, 0, 1, 0, 0, 0 ],[ 0, 0, 0, 0, 1, 0, 0 ], [ 0, 0, 0, 0, 0, 1, 0 ], [ 0, 0, 0, 0, 0, 0, 1 ] ],
  [ [ 0, 12, 0, 0, 0, 0, 0 ], [ 1, 0, 8, 0, 1, 0, 2 ], [ 0, 2, 6, 0, 0, 2, 2 ], [ 0, 0, 0, 0, 0, 0, 12 ],[ 0, 6, 0, 0, 0, 0, 6 ], [ 0, 0, 12, 0, 0, 0, 0 ], [ 0, 2, 8, 1, 1, 0, 0 ] ],
  [ [ 0, 0, 48, 0, 0, 0, 0 ], [ 0, 8, 24, 0, 0, 8, 8 ], [ 1, 6, 28, 1, 2, 4, 6 ], [ 0, 0, 48, 0, 0, 0, 0 ],[ 0, 0, 48, 0, 0, 0, 0 ], [ 0, 12, 24, 0, 0, 0, 12 ], [ 0, 8, 24, 0, 0, 8, 8 ] ],
  [ [ 0, 0, 0, 1, 0, 0, 0 ], [ 0, 0, 0, 0, 0, 0, 1 ], [ 0, 0, 1, 0, 0, 0, 0 ], [ 1, 0, 0, 0, 0, 0, 0 ],[ 0, 0, 0, 0, 1, 0, 0 ], [ 0, 0, 0, 0, 0, 1, 0 ], [ 0, 1, 0, 0, 0, 0, 0 ] ],
  [ [ 0, 0, 0, 0, 2, 0, 0 ], [ 0, 1, 0, 0, 0, 0, 1 ], [ 0, 0, 2, 0, 0, 0, 0 ], [ 0, 0, 0, 0, 2, 0, 0 ],[ 1, 0, 0, 1, 0, 0, 0 ], [ 0, 0, 0, 0, 0, 2, 0 ], [ 0, 1, 0, 0, 0, 0, 1 ] ],
  [ [ 0, 0, 0, 0, 0, 8, 0 ], [ 0, 0, 8, 0, 0, 0, 0 ], [ 0, 2, 4, 0, 0, 0, 2 ], [ 0, 0, 0, 0, 0, 8, 0 ],[ 0, 0, 0, 0, 0, 8, 0 ], [ 1, 0, 0, 1, 2, 4, 0 ], [ 0, 0, 8, 0, 0, 0, 0 ] ],
  [ [ 0, 0, 0, 0, 0, 0, 12 ], [ 0, 2, 8, 1, 1, 0, 0 ], [ 0, 2, 6, 0, 0, 2, 2 ], [ 0, 12, 0, 0, 0, 0, 0 ],[ 0, 6, 0, 0, 0, 0, 6 ], [ 0, 0, 12, 0, 0, 0, 0 ], [ 1, 0, 8, 0, 1, 0, 2 ] ] ]