 degree:9
 order:90
 [ 9, 15, 2, 18, 18, 27 ][ 3, 0, 0, 0, 1, 0, 0, 5, 0, 0, 1, 0, 0, 6, 2 ]
minimal polynomial:
[ x-9, x-6, x-3, x, x+3, x+6, x+9 ]
[ x-15, x, x+3 ]
[ x-2, x+1 ]
[ x-18, x, x+18 ]
[ x-18, x-12, x-3, x, x+3, x+12, x+18 ]
[ x-27, x, x+18 ]
 SITA:
[ [ [ 1, 0, 0, 0, 0, 0, 0 ], [ 0, 1, 0, 0, 0, 0, 0 ], [ 0, 0, 1, 0, 0, 0, 0 ], [ 0, 0, 0, 1, 0, 0, 0 ],
      [ 0, 0, 0, 0, 1, 0, 0 ], [ 0, 0, 0, 0, 0, 1, 0 ], [ 0, 0, 0, 0, 0, 0, 1 ] ],
  [ [ 0, 9, 0, 0, 0, 0, 0 ], [ 1, 0, 5, 0, 0, 0, 3 ], [ 0, 3, 0, 0, 0, 6, 0 ], [ 0, 0, 0, 0, 0, 9, 0 ],
      [ 0, 0, 0, 0, 0, 0, 9 ], [ 0, 0, 5, 1, 0, 0, 3 ], [ 0, 1, 0, 0, 6, 2, 0 ] ],
  [ [ 0, 0, 15, 0, 0, 0, 0 ], [ 0, 5, 0, 0, 0, 10, 0 ], [ 1, 0, 12, 2, 0, 0, 0 ], [ 0, 0, 15, 0, 0, 0, 0 ],
      [ 0, 0, 0, 0, 15, 0, 0 ], [ 0, 5, 0, 0, 0, 10, 0 ], [ 0, 0, 0, 0, 0, 0, 15 ] ],
  [ [ 0, 0, 0, 2, 0, 0, 0 ], [ 0, 0, 0, 0, 0, 2, 0 ], [ 0, 0, 2, 0, 0, 0, 0 ], [ 1, 0, 0, 1, 0, 0, 0 ],
      [ 0, 0, 0, 0, 2, 0, 0 ], [ 0, 1, 0, 0, 0, 1, 0 ], [ 0, 0, 0, 0, 0, 0, 2 ] ],
  [ [ 0, 0, 0, 0, 18, 0, 0 ], [ 0, 0, 0, 0, 0, 0, 18 ], [ 0, 0, 0, 0, 18, 0, 0 ], [ 0, 0, 0, 0, 18, 0, 0 ],
      [ 1, 0, 15, 2, 0, 0, 0 ], [ 0, 0, 0, 0, 0, 0, 18 ], [ 0, 6, 0, 0, 0, 12, 0 ] ],
  [ [ 0, 0, 0, 0, 0, 18, 0 ], [ 0, 0, 10, 2, 0, 0, 6 ], [ 0, 6, 0, 0, 0, 12, 0 ], [ 0, 9, 0, 0, 0, 9, 0 ],
      [ 0, 0, 0, 0, 0, 0, 18 ], [ 1, 0, 10, 1, 0, 0, 6 ], [ 0, 2, 0, 0, 12, 4, 0 ] ],
  [ [ 0, 0, 0, 0, 0, 0, 27 ], [ 0, 3, 0, 0, 18, 6, 0 ], [ 0, 0, 0, 0, 0, 0, 27 ], [ 0, 0, 0, 0, 0, 0, 27 ],
      [ 0, 9, 0, 0, 0, 18, 0 ], [ 0, 3, 0, 0, 18, 6, 0 ], [ 1, 0, 15, 2, 0, 0, 9 ] ] ]

