 degree:10
 order:160
[ 10, 25, 4, 25, 45, 50 ][ 2, 10, 0, 0, 0, 0, 8, 0, 0, 0, 0, 0, 0, 1, 9 ]
minimal polynomial:
[ x-10, x-6, x, x+6, x+10, x^2-80 ]1
[ x-25, x-15, x, x+7 ]
[ x-4, x+1 ]
[ x-25, x-9, x, x+9, x+25, x^2-125 ]
[ x-45, x-3, x, x+3, x+45, x^2-405 ]
[ x-50, x-2, x, x+20 ]
 SITA:

[ [ [ 1, 0, 0, 0, 0, 0, 0 ], [ 0, 1, 0, 0, 0, 0, 0 ], [ 0, 0, 1, 0, 0, 0, 0 ], [ 0, 0, 0, 1, 0, 0, 0 ],[ 0, 0, 0, 0, 1, 0, 0 ], [ 0, 0, 0, 0, 0, 1, 0 ], [ 0, 0, 0, 0, 0, 0, 1 ] ],
  [ [ 0, 10, 0, 0, 0, 0, 0 ], [ 1, 0, 5, 4, 0, 0, 0 ], [ 0, 2, 0, 0, 8, 0, 0 ], [ 0, 10, 0, 0, 0, 0, 0 ],[ 0, 0, 8, 0, 0, 0, 2 ], [ 0, 0, 0, 0, 0, 0, 10 ], [ 0, 0, 0, 0, 1, 9, 0 ] ],
  [ [ 0, 0, 25, 0, 0, 0, 0 ], [ 0, 5, 0, 0, 20, 0, 0 ], [ 1, 0, 12, 4, 0, 0, 8 ], [ 0, 0, 25, 0, 0, 0, 0 ],[ 0, 8, 0, 0, 8, 9, 0 ], [ 0, 0, 0, 0, 5, 20, 0 ], [ 0, 0, 4, 0, 0, 0, 21 ] ],
  [ [ 0, 0, 0, 4, 0, 0, 0 ], [ 0, 4, 0, 0, 0, 0, 0 ], [ 0, 0, 4, 0, 0, 0, 0 ], [ 1, 0, 0, 3, 0, 0, 0 ],[ 0, 0, 0, 0, 4, 0, 0 ], [ 0, 0, 0, 0, 0, 4, 0 ], [ 0, 0, 0, 0, 0, 0, 4 ] ],
  [ [ 0, 0, 0, 0, 25, 0, 0 ], [ 0, 0, 20, 0, 0, 0, 5 ], [ 0, 8, 0, 0, 8, 9, 0 ], [ 0, 0, 0, 0, 25, 0, 0 ],[ 1, 0, 8, 4, 0, 0, 12 ], [ 0, 0, 5, 0, 0, 0, 20 ], [ 0, 1, 0, 0, 6, 18, 0 ] ],
  [ [ 0, 0, 0, 0, 0, 45, 0 ], [ 0, 0, 0, 0, 0, 0, 45 ], [ 0, 0, 0, 0, 9, 36, 0 ], [ 0, 0, 0, 0, 0, 45, 0 ],[ 0, 0, 9, 0, 0, 0, 36 ], [ 1, 0, 20, 4, 0, 0, 20 ], [ 0, 9, 0, 0, 18, 18, 0 ] ],
  [ [ 0, 0, 0, 0, 0, 0, 50 ], [ 0, 0, 0, 0, 5, 45, 0 ], [ 0, 0, 8, 0, 0, 0, 42 ], [ 0, 0, 0, 0, 0, 0, 50 ],[ 0, 2, 0, 0, 12, 36, 0 ], [ 0, 10, 0, 0, 20, 20, 0 ], [ 1, 0, 21, 4, 0, 0, 24 ] ] ]
