 degree:6
 order:112
 [ 6, 15, 10, 20, 30, 30 ][ 2, 0, 0, 0, 0, 0, 0, 2, 0, 0, 2, 0, 0, 4, 2 ]

minimal polynomial:
[ x-6, x, x+6, x^2-20, x^2-8 ]1
[ x-15, x-7, x-1, x+3 ]
[ x-10, x-2, x+4 ]
[ x-20, x, x+20, x^2-80, x^2-8 ]
[ x-30, x, x+30, x^2-32, x^2-20 ]
[ x-30, x-2, x, x+10 ]
 SITA:
[ [ [ 1, 0, 0, 0, 0, 0, 0 ], [ 0, 1, 0, 0, 0, 0, 0 ], [ 0, 0, 1, 0, 0, 0, 0 ], [ 0, 0, 0, 1, 0, 0, 0 ],
      [ 0, 0, 0, 0, 1, 0, 0 ], [ 0, 0, 0, 0, 0, 1, 0 ], [ 0, 0, 0, 0, 0, 0, 1 ] ],
  [ [ 0, 6, 0, 0, 0, 0, 0 ], [ 1, 0, 5, 0, 0, 0, 0 ], [ 0, 2, 0, 0, 0, 4, 0 ], [ 0, 0, 0, 0, 0, 6, 0 ],
      [ 0, 0, 0, 0, 0, 0, 6 ], [ 0, 0, 2, 2, 0, 0, 2 ], [ 0, 0, 0, 0, 4, 2, 0 ] ],
  [ [ 0, 0, 15, 0, 0, 0, 0 ], [ 0, 5, 0, 0, 0, 10, 0 ], [ 1, 0, 6, 4, 0, 0, 4 ], [ 0, 0, 6, 3, 0, 0, 6 ],
      [ 0, 0, 0, 0, 9, 6, 0 ], [ 0, 2, 0, 0, 4, 9, 0 ], [ 0, 0, 2, 2, 0, 0, 11 ] ],
  [ [ 0, 0, 0, 10, 0, 0, 0 ], [ 0, 0, 0, 0, 0, 10, 0 ], [ 0, 0, 4, 2, 0, 0, 4 ], [ 1, 0, 3, 0, 0, 0, 6 ],
      [ 0, 0, 0, 0, 4, 6, 0 ], [ 0, 2, 0, 0, 4, 4, 0 ], [ 0, 0, 2, 2, 0, 0, 6 ] ],
  [ [ 0, 0, 0, 0, 20, 0, 0 ], [ 0, 0, 0, 0, 0, 0, 20 ], [ 0, 0, 0, 0, 12, 8, 0 ], [ 0, 0, 0, 0, 8, 12, 0 ],
      [ 1, 0, 9, 4, 0, 0, 6 ], [ 0, 0, 4, 4, 0, 0, 12 ], [ 0, 4, 0, 0, 4, 12, 0 ] ],
  [ [ 0, 0, 0, 0, 0, 30, 0 ], [ 0, 0, 10, 10, 0, 0, 10 ], [ 0, 4, 0, 0, 8, 18, 0 ], [ 0, 6, 0, 0, 12, 12, 0 ],
      [ 0, 0, 6, 6, 0, 0, 18 ], [ 1, 0, 9, 4, 0, 0, 16 ], [ 0, 2, 0, 0, 12, 16, 0 ] ],
  [ [ 0, 0, 0, 0, 0, 0, 30 ], [ 0, 0, 0, 0, 20, 10, 0 ], [ 0, 0, 4, 4, 0, 0, 22 ], [ 0, 0, 6, 6, 0, 0, 18 ],
      [ 0, 6, 0, 0, 6, 18, 0 ], [ 0, 2, 0, 0, 12, 16, 0 ], [ 1, 0, 11, 6, 0, 0, 12 ] ] ]
