 degree:10
 order:50
[ 10, 10, 4, 5, 10, 10 ][ 5, 10, 0, 0, 0, 0, 0, 5, 0, 0, 0, 0, 0, 5, 5 ]
minimal polynomial:
[ x-10, x, x+10, x^2-5*x-25, x^2+5*x-25 ]1
[ x-10, x, x^2+5*x-25 ]
[ x-4, x+1 ]
[ x-5, x, x+5 ]
[ x-10, x, x+10, x^2-5*x-25, x^2+5*x-25 ]
[ x-10, x, x^2+5*x-25 ]
 SITA:

[ [ [ 1, 0, 0, 0, 0, 0, 0 ], [ 0, 1, 0, 0, 0, 0, 0 ], [ 0, 0, 1, 0, 0, 0, 0 ], [ 0, 0, 0, 1, 0, 0, 0 ],[ 0, 0, 0, 0, 1, 0, 0 ], [ 0, 0, 0, 0, 0, 1, 0 ], [ 0, 0, 0, 0, 0, 0, 1 ] ],
  [ [ 0, 10, 0, 0, 0, 0, 0 ], [ 1, 0, 5, 4, 0, 0, 0 ], [ 0, 5, 0, 0, 0, 5, 0 ], [ 0, 10, 0, 0, 0, 0, 0 ],[ 0, 0, 0, 0, 0, 0, 10 ], [ 0, 0, 5, 0, 0, 0, 5 ], [ 0, 0, 0, 0, 5, 5, 0 ] ],
  [ [ 0, 0, 10, 0, 0, 0, 0 ], [ 0, 5, 0, 0, 0, 5, 0 ], [ 1, 0, 0, 4, 0, 0, 5 ], [ 0, 0, 10, 0, 0, 0, 0 ],[ 0, 0, 0, 0, 0, 10, 0 ], [ 0, 5, 0, 0, 5, 0, 0 ], [ 0, 0, 5, 0, 0, 0, 5 ] ],
  [ [ 0, 0, 0, 4, 0, 0, 0 ], [ 0, 4, 0, 0, 0, 0, 0 ], [ 0, 0, 4, 0, 0, 0, 0 ], [ 1, 0, 0, 3, 0, 0, 0 ],[ 0, 0, 0, 0, 4, 0, 0 ], [ 0, 0, 0, 0, 0, 4, 0 ], [ 0, 0, 0, 0, 0, 0, 4 ] ],
  [ [ 0, 0, 0, 0, 5, 0, 0 ], [ 0, 0, 0, 0, 0, 0, 5 ], [ 0, 0, 0, 0, 0, 5, 0 ], [ 0, 0, 0, 0, 5, 0, 0 ],[ 1, 0, 0, 4, 0, 0, 0 ], [ 0, 0, 5, 0, 0, 0, 0 ], [ 0, 5, 0, 0, 0, 0, 0 ] ],
  [ [ 0, 0, 0, 0, 0, 10, 0 ], [ 0, 0, 5, 0, 0, 0, 5 ], [ 0, 5, 0, 0, 5, 0, 0 ], [ 0, 0, 0, 0, 0, 10, 0 ],[ 0, 0, 10, 0, 0, 0, 0 ], [ 1, 0, 0, 4, 0, 0, 5 ], [ 0, 5, 0, 0, 0, 5, 0 ] ],
  [ [ 0, 0, 0, 0, 0, 0, 10 ], [ 0, 0, 0, 0, 5, 5, 0 ], [ 0, 0, 5, 0, 0, 0, 5 ], [ 0, 0, 0, 0, 0, 0, 10 ],[ 0, 10, 0, 0, 0, 0, 0 ], [ 0, 5, 0, 0, 0, 5, 0 ], [ 1, 0, 5, 4, 0, 0, 0 ] ] ]