 degree:12
 order:64
[ 12, 3, 4, 8, 12, 24 ][ 4, 0, 3, 8, 0, 0, 0, 2, 0, 0, 0, 2, 2, 2, 0 ]
minimal polynomial:
[ x-12, x, x+4, x^2-8*x-24, x^2+8*x-8 ]1
[ x-3, x+1 ]
[ x-4, x, x+4 ]
[ x-8, x, x+8 ]
[ x-12, x, x+4, x^2-8*x-24, x^2-8*x-8 ]
[ x-24, x, x+8, x^2+16*x-96 ]

 SITA:

[ [ [ 1, 0, 0, 0, 0, 0, 0 ], [ 0, 1, 0, 0, 0, 0, 0 ], [ 0, 0, 1, 0, 0, 0, 0 ], [ 0, 0, 0, 1, 0, 0, 0 ],[ 0, 0, 0, 0, 1, 0, 0 ], [ 0, 0, 0, 0, 0, 1, 0 ], [ 0, 0, 0, 0, 0, 0, 1 ] ],
  [ [ 0, 12, 0, 0, 0, 0, 0 ], [ 1, 0, 1, 0, 2, 8, 0 ], [ 0, 4, 0, 0, 0, 8, 0 ], [ 0, 0, 0, 0, 0, 0, 12 ],[ 0, 3, 0, 0, 0, 3, 6 ], [ 0, 8, 2, 0, 2, 0, 0 ], [ 0, 0, 0, 2, 2, 0, 8 ] ],
  [ [ 0, 0, 3, 0, 0, 0, 0 ], [ 0, 1, 0, 0, 0, 2, 0 ], [ 1, 0, 2, 0, 0, 0, 0 ], [ 0, 0, 0, 3, 0, 0, 0 ],[ 0, 0, 0, 0, 3, 0, 0 ], [ 0, 2, 0, 0, 0, 1, 0 ], [ 0, 0, 0, 0, 0, 0, 3 ] ],
  [ [ 0, 0, 0, 4, 0, 0, 0 ], [ 0, 0, 0, 0, 0, 0, 4 ], [ 0, 0, 0, 4, 0, 0, 0 ], [ 1, 0, 3, 0, 0, 0, 0 ],[ 0, 0, 0, 0, 4, 0, 0 ], [ 0, 0, 0, 0, 0, 0, 4 ], [ 0, 2, 0, 0, 0, 2, 0 ] ],
  [ [ 0, 0, 0, 0, 8, 0, 0 ], [ 0, 2, 0, 0, 0, 2, 4 ], [ 0, 0, 0, 0, 8, 0, 0 ], [ 0, 0, 0, 0, 8, 0, 0 ],[ 1, 0, 3, 4, 0, 0, 0 ], [ 0, 2, 0, 0, 0, 2, 4 ], [ 0, 2, 0, 0, 0, 2, 4 ] ],
  [ [ 0, 0, 0, 0, 0, 12, 0 ], [ 0, 8, 2, 0, 2, 0, 0 ], [ 0, 8, 0, 0, 0, 4, 0 ], [ 0, 0, 0, 0, 0, 0, 12 ],[ 0, 3, 0, 0, 0, 3, 6 ], [ 1, 0, 1, 0, 2, 8, 0 ], [ 0, 0, 0, 2, 2, 0, 8 ] ],
  [ [ 0, 0, 0, 0, 0, 0, 24 ], [ 0, 0, 0, 4, 4, 0, 16 ], [ 0, 0, 0, 0, 0, 0, 24 ], [ 0, 12, 0, 0, 0, 12, 0 ],[ 0, 6, 0, 0, 0, 6, 12 ], [ 0, 0, 0, 4, 4, 0, 16 ], [ 1, 8, 3, 0, 4, 8, 0 ] ] ]