 degree:10
 order:66
[ 10, 10, 2, 3, 20, 20 ][ 1, 10, 0, 3, 0, 0, 10, 0, 3, 0, 0, 0, 0, 0, 7 ]
minimal polynomial:
[ x-10, x, x+10, x^2-2*x-21, x^2+2*x-21 ]1
[ x-10, x, x^2+2*x-21 ]
[ x-2, x+1 ]
[ x-3, x, x+3 ]
[ x-20, x, x^2+4*x-18 ]
[ x-20, x, x+20, x^2-4*x-18, x^2+4*x-18 ]

 SITA:

[ [ [ 1, 0, 0, 0, 0, 0, 0 ], [ 0, 1, 0, 0, 0, 0, 0 ], [ 0, 0, 1, 0, 0, 0, 0 ], [ 0, 0, 0, 1, 0, 0, 0 ],[ 0, 0, 0, 0, 1, 0, 0 ], [ 0, 0, 0, 0, 0, 1, 0 ], [ 0, 0, 0, 0, 0, 0, 1 ] ],
  [ [ 0, 10, 0, 0, 0, 0, 0 ], [ 1, 0, 1, 2, 0, 6, 0 ], [ 0, 1, 0, 0, 3, 0, 6 ], [ 0, 10, 0, 0, 0, 0, 0 ],[ 0, 0, 10, 0, 0, 0, 0 ], [ 0, 3, 0, 0, 0, 0, 7 ], [ 0, 0, 3, 0, 0, 7, 0 ] ],
  [ [ 0, 0, 10, 0, 0, 0, 0 ], [ 0, 1, 0, 0, 3, 0, 6 ], [ 1, 0, 1, 2, 0, 6, 0 ], [ 0, 0, 10, 0, 0, 0, 0 ],[ 0, 10, 0, 0, 0, 0, 0 ], [ 0, 0, 3, 0, 0, 7, 0 ], [ 0, 3, 0, 0, 0, 0, 7 ] ],
  [ [ 0, 0, 0, 2, 0, 0, 0 ], [ 0, 2, 0, 0, 0, 0, 0 ], [ 0, 0, 2, 0, 0, 0, 0 ], [ 1, 0, 0, 1, 0, 0, 0 ],[ 0, 0, 0, 0, 2, 0, 0 ], [ 0, 0, 0, 0, 0, 2, 0 ], [ 0, 0, 0, 0, 0, 0, 2 ] ],
  [ [ 0, 0, 0, 0, 3, 0, 0 ], [ 0, 0, 3, 0, 0, 0, 0 ], [ 0, 3, 0, 0, 0, 0, 0 ], [ 0, 0, 0, 0, 3, 0, 0 ],[ 1, 0, 0, 2, 0, 0, 0 ], [ 0, 0, 0, 0, 0, 0, 3 ], [ 0, 0, 0, 0, 0, 3, 0 ] ],
  [ [ 0, 0, 0, 0, 0, 20, 0 ], [ 0, 6, 0, 0, 0, 0, 14 ], [ 0, 0, 6, 0, 0, 14, 0 ], [ 0, 0, 0, 0, 0, 20, 0 ],[ 0, 0, 0, 0, 0, 0, 20 ], [ 1, 0, 7, 2, 0, 10, 0 ], [ 0, 7, 0, 0, 3, 0, 10 ] ],
  [ [ 0, 0, 0, 0, 0, 0, 20 ], [ 0, 0, 6, 0, 0, 14, 0 ], [ 0, 6, 0, 0, 0, 0, 14 ], [ 0, 0, 0, 0, 0, 0, 20 ],[ 0, 0, 0, 0, 0, 20, 0 ], [ 0, 7, 0, 0, 3, 0, 10 ], [ 1, 0, 7, 2, 0, 10, 0 ] ] ]
