 degree:10
 order:104
[ 10, 10, 1, 10, 32, 40 ][ 4, 10, 0, 0, 1, 0, 6, 0, 0, 0, 0, 0, 0, 1, 8 ]
minimal polynomial:
[ x-10, x, x+10, x^2-48, x^2-12 ]1
[ x-10, x, x+2 ]
[ x-1, x+1 ]
[ x-10, x, x+10, x^2-48, x^2-12 ]
[ x-32, x, x+32, x^2-192 ]
[ x-40, x, x+12 ]

 SITA:

[ [ [ 1, 0, 0, 0, 0, 0, 0 ], [ 0, 1, 0, 0, 0, 0, 0 ], [ 0, 0, 1, 0, 0, 0, 0 ], [ 0, 0, 0, 1, 0, 0, 0 ],[ 0, 0, 0, 0, 1, 0, 0 ], [ 0, 0, 0, 0, 0, 1, 0 ], [ 0, 0, 0, 0, 0, 0, 1 ] ],
  [ [ 0, 10, 0, 0, 0, 0, 0 ], [ 1, 0, 4, 1, 0, 0, 4 ], [ 0, 4, 0, 0, 6, 0, 0 ], [ 0, 10, 0, 0, 0, 0, 0 ],[ 0, 0, 6, 0, 0, 0, 4 ], [ 0, 0, 0, 0, 0, 0, 10 ], [ 0, 1, 0, 0, 1, 8, 0 ] ],
  [ [ 0, 0, 10, 0, 0, 0, 0 ], [ 0, 4, 0, 0, 6, 0, 0 ], [ 1, 0, 8, 1, 0, 0, 0 ], [ 0, 0, 10, 0, 0, 0, 0 ],[ 0, 6, 0, 0, 4, 0, 0 ], [ 0, 0, 0, 0, 0, 10, 0 ], [ 0, 0, 0, 0, 0, 0, 10 ] ],
  [ [ 0, 0, 0, 1, 0, 0, 0 ], [ 0, 1, 0, 0, 0, 0, 0 ], [ 0, 0, 1, 0, 0, 0, 0 ], [ 1, 0, 0, 0, 0, 0, 0 ],[ 0, 0, 0, 0, 1, 0, 0 ], [ 0, 0, 0, 0, 0, 1, 0 ], [ 0, 0, 0, 0, 0, 0, 1 ] ],
  [ [ 0, 0, 0, 0, 10, 0, 0 ], [ 0, 0, 6, 0, 0, 0, 4 ], [ 0, 6, 0, 0, 4, 0, 0 ], [ 0, 0, 0, 0, 10, 0, 0 ],[ 1, 0, 4, 1, 0, 0, 4 ], [ 0, 0, 0, 0, 0, 0, 10 ], [ 0, 1, 0, 0, 1, 8, 0 ] ],
  [ [ 0, 0, 0, 0, 0, 32, 0 ], [ 0, 0, 0, 0, 0, 0, 32 ], [ 0, 0, 0, 0, 0, 32, 0 ], [ 0, 0, 0, 0, 0, 32, 0 ],[ 0, 0, 0, 0, 0, 0, 32 ], [ 1, 0, 10, 1, 0, 0, 20 ], [ 0, 8, 0, 0, 8, 16, 0 ] ],
  [ [ 0, 0, 0, 0, 0, 0, 40 ], [ 0, 4, 0, 0, 4, 32, 0 ], [ 0, 0, 0, 0, 0, 0, 40 ], [ 0, 0, 0, 0, 0, 0, 40 ],[ 0, 4, 0, 0, 4, 32, 0 ], [ 0, 10, 0, 0, 10, 20, 0 ], [ 1, 0, 10, 1, 0, 0, 28 ] ] ]
