 degree:12
 order:96
[ 12, 2, 6, 15, 30, 30 ][ 6, 0, 0, 4, 0, 2, 0, 0, 0, 0, 2, 0, 0, 6, 6 ]
minimal polynomial:
[ x-12, x, x+12, x^2-48, x^2-6 ]1
[ x-2, x+1 ]
[ x-6, x, x+6, x^2-12, x^2-6 ]
[ x-15, x-3, x, x+9 ]
[ x-30, x-6, x, x+6 ]
[ x-30, x, x+30, x^2-108 ]

 SITA:

[ [ [ 1, 0, 0, 0, 0, 0, 0 ], [ 0, 1, 0, 0, 0, 0, 0 ], [ 0, 0, 1, 0, 0, 0, 0 ], [ 0, 0, 0, 1, 0, 0, 0 ],[ 0, 0, 0, 0, 1, 0, 0 ], [ 0, 0, 0, 0, 0, 1, 0 ], [ 0, 0, 0, 0, 0, 0, 1 ] ],
  [ [ 0, 12, 0, 0, 0, 0, 0 ], [ 1, 0, 1, 0, 0, 10, 0 ], [ 0, 6, 0, 6, 0, 0, 0 ], [ 0, 0, 2, 0, 0, 10, 0 ],[ 0, 0, 0, 0, 0, 0, 12 ], [ 0, 4, 0, 2, 0, 0, 6 ], [ 0, 0, 0, 0, 6, 6, 0 ] ],
  [ [ 0, 0, 2, 0, 0, 0, 0 ], [ 0, 1, 0, 1, 0, 0, 0 ], [ 1, 0, 1, 0, 0, 0, 0 ], [ 0, 2, 0, 0, 0, 0, 0 ],[ 0, 0, 0, 0, 2, 0, 0 ], [ 0, 0, 0, 0, 0, 2, 0 ], [ 0, 0, 0, 0, 0, 0, 2 ] ],
  [ [ 0, 0, 0, 6, 0, 0, 0 ], [ 0, 0, 1, 0, 0, 5, 0 ], [ 0, 6, 0, 0, 0, 0, 0 ], [ 1, 0, 0, 0, 0, 5, 0 ],[ 0, 0, 0, 0, 0, 0, 6 ], [ 0, 2, 0, 1, 0, 0, 3 ], [ 0, 0, 0, 0, 3, 3, 0 ] ],
  [ [ 0, 0, 0, 0, 15, 0, 0 ], [ 0, 0, 0, 0, 0, 0, 15 ], [ 0, 0, 0, 0, 15, 0, 0 ], [ 0, 0, 0, 0, 0, 0, 15 ],[ 1, 0, 2, 0, 0, 12, 0 ], [ 0, 0, 0, 0, 6, 9, 0 ], [ 0, 6, 0, 3, 0, 0, 6 ] ],
  [ [ 0, 0, 0, 0, 0, 30, 0 ], [ 0, 10, 0, 5, 0, 0, 15 ], [ 0, 0, 0, 0, 0, 30, 0 ], [ 0, 10, 0, 5, 0, 0, 15 ],[ 0, 0, 0, 0, 12, 18, 0 ], [ 1, 0, 2, 0, 9, 18, 0 ], [ 0, 6, 0, 3, 0, 0, 21 ] ],
  [ [ 0, 0, 0, 0, 0, 0, 30 ], [ 0, 0, 0, 0, 15, 15, 0 ], [ 0, 0, 0, 0, 0, 0, 30 ], [ 0, 0, 0, 0, 15, 15, 0 ],[ 0, 12, 0, 6, 0, 0, 12 ], [ 0, 6, 0, 3, 0, 0, 21 ], [ 1, 0, 2, 0, 6, 21, 0 ] ] ]