 degree:10
 order:124
[ 10, 20, 1, 20, 32, 40 ][ 4, 10, 0, 0, 0, 0, 6, 0, 0, 0, 0, 0, 0, 2, 8 ]
minimal polynomial:
[ x-10, x, x+10, x^4-76*x^2+576 ]2
[ x-20, x, x^2-9*x-34 ]
[ x-1, x+1 ]
[ x-20, x, x+20, x^2-28 ]
[ x-32, x, x+32, x^4-188*x^2+1024 ]
[ x-40, x, x^2+13*x-12 ]

 SITA:

[ [ [ 1, 0, 0, 0, 0, 0, 0 ], [ 0, 1, 0, 0, 0, 0, 0 ], [ 0, 0, 1, 0, 0, 0, 0 ], [ 0, 0, 0, 1, 0, 0, 0 ],[ 0, 0, 0, 0, 1, 0, 0 ], [ 0, 0, 0, 0, 0, 1, 0 ], [ 0, 0, 0, 0, 0, 0, 1 ] ],
  [ [ 0, 10, 0, 0, 0, 0, 0 ], [ 1, 0, 8, 1, 0, 0, 0 ], [ 0, 4, 0, 0, 6, 0, 0 ], [ 0, 10, 0, 0, 0, 0, 0 ],[ 0, 0, 6, 0, 0, 0, 4 ], [ 0, 0, 0, 0, 0, 0, 10 ], [ 0, 0, 0, 0, 2, 8, 0 ] ],
  [ [ 0, 0, 20, 0, 0, 0, 0 ], [ 0, 8, 0, 0, 12, 0, 0 ], [ 1, 0, 12, 1, 0, 0, 6 ], [ 0, 0, 20, 0, 0, 0, 0 ],[ 0, 6, 0, 0, 6, 8, 0 ], [ 0, 0, 0, 0, 5, 15, 0 ], [ 0, 0, 3, 0, 0, 0, 17 ] ],
  [ [ 0, 0, 0, 1, 0, 0, 0 ], [ 0, 1, 0, 0, 0, 0, 0 ], [ 0, 0, 1, 0, 0, 0, 0 ], [ 1, 0, 0, 0, 0, 0, 0 ],[ 0, 0, 0, 0, 1, 0, 0 ], [ 0, 0, 0, 0, 0, 1, 0 ], [ 0, 0, 0, 0, 0, 0, 1 ] ],
  [ [ 0, 0, 0, 0, 20, 0, 0 ], [ 0, 0, 12, 0, 0, 0, 8 ], [ 0, 6, 0, 0, 6, 8, 0 ], [ 0, 0, 0, 0, 20, 0, 0 ],[ 1, 0, 6, 1, 0, 0, 12 ], [ 0, 0, 5, 0, 0, 0, 15 ], [ 0, 2, 0, 0, 6, 12, 0 ] ],
  [ [ 0, 0, 0, 0, 0, 32, 0 ], [ 0, 0, 0, 0, 0, 0, 32 ], [ 0, 0, 0, 0, 8, 24, 0 ], [ 0, 0, 0, 0, 0, 32, 0 ],[ 0, 0, 8, 0, 0, 0, 24 ], [ 1, 0, 15, 1, 0, 0, 15 ], [ 0, 8, 0, 0, 12, 12, 0 ] ],
  [ [ 0, 0, 0, 0, 0, 0, 40 ], [ 0, 0, 0, 0, 8, 32, 0 ], [ 0, 0, 6, 0, 0, 0, 34 ], [ 0, 0, 0, 0, 0, 0, 40 ],[ 0, 4, 0, 0, 12, 24, 0 ], [ 0, 10, 0, 0, 15, 15, 0 ], [ 1, 0, 17, 1, 0, 0, 21 ] ] ]
