 degree:12
 order:80
[ 12, 36, 3, 4, 12, 12 ][ 2, 12, 0, 0, 0, 0, 0, 12, 6, 0, 0, 0, 0, 4, 0 ]
minimal polynomial:
[ x-12, x-8, x-6, x, x+4, x+6, x+8 ]
[ x-36, x-16, x, x+12 ]
[ x-3, x+1 ]
[ x-4, x, x+4 ]
[ x-12, x, x+8 ]
[ x-12, x-6, x, x+4, x+8 ]

 SITA: 

[ [ [ 1, 0, 0, 0, 0, 0, 0 ], [ 0, 1, 0, 0, 0, 0, 0 ], [ 0, 0, 1, 0, 0, 0, 0 ], [ 0, 0, 0, 1, 0, 0, 0 ],[ 0, 0, 0, 0, 1, 0, 0 ], [ 0, 0, 0, 0, 0, 1, 0 ], [ 0, 0, 0, 0, 0, 0, 1 ] ],
  [ [ 0, 12, 0, 0, 0, 0, 0 ], [ 1, 2, 6, 3, 0, 0, 0 ], [ 0, 2, 4, 0, 0, 4, 2 ], [ 0, 12, 0, 0, 0, 0, 0 ],[ 0, 0, 0, 0, 0, 0, 12 ], [ 0, 0, 12, 0, 0, 0, 0 ], [ 0, 0, 6, 0, 4, 0, 2 ] ],
  [ [ 0, 0, 36, 0, 0, 0, 0 ], [ 0, 6, 12, 0, 0, 12, 6 ], [ 1, 4, 16, 3, 4, 4, 4 ], [ 0, 0, 36, 0, 0, 0, 0 ],[ 0, 0, 36, 0, 0, 0, 0 ], [ 0, 12, 12, 0, 0, 0, 12 ], [ 0, 6, 12, 0, 0, 12, 6 ] ],
  [ [ 0, 0, 0, 3, 0, 0, 0 ], [ 0, 3, 0, 0, 0, 0, 0 ], [ 0, 0, 3, 0, 0, 0, 0 ], [ 1, 0, 0, 2, 0, 0, 0 ],[ 0, 0, 0, 0, 3, 0, 0 ], [ 0, 0, 0, 0, 0, 3, 0 ], [ 0, 0, 0, 0, 0, 0, 3 ] ],
  [ [ 0, 0, 0, 0, 4, 0, 0 ], [ 0, 0, 0, 0, 0, 0, 4 ], [ 0, 0, 4, 0, 0, 0, 0 ], [ 0, 0, 0, 0, 4, 0, 0 ],[ 1, 0, 0, 3, 0, 0, 0 ], [ 0, 0, 0, 0, 0, 4, 0 ], [ 0, 4, 0, 0, 0, 0, 0 ] ],
  [ [ 0, 0, 0, 0, 0, 12, 0 ], [ 0, 0, 12, 0, 0, 0, 0 ], [ 0, 4, 4, 0, 0, 0, 4 ], [ 0, 0, 0, 0, 0, 12, 0 ],[ 0, 0, 0, 0, 0, 12, 0 ], [ 1, 0, 0, 3, 4, 4, 0 ], [ 0, 0, 12, 0, 0, 0, 0 ] ],
  [ [ 0, 0, 0, 0, 0, 0, 12 ], [ 0, 0, 6, 0, 4, 0, 2 ], [ 0, 2, 4, 0, 0, 4, 2 ], [ 0, 0, 0, 0, 0, 0, 12 ],[ 0, 12, 0, 0, 0, 0, 0 ], [ 0, 0, 12, 0, 0, 0, 0 ], [ 1, 2, 6, 3, 0, 0, 0 ] ] ]