 degree:10
 order:55
[ 10, 10, 4, 10, 10, 10 ][ 5, 10, 0, 0, 0, 0, 0, 5, 0, 0, 0, 0, 5, 5, 0 ]
minimal polynomial:
[ x-10, x, x^5+5*x^4-100*x^3-375*x^2+1875*x+3125 ]1
[ x-10, x, x^5+5*x^4-100*x^3-375*x^2+1875*x+3125 ]
[ x-4, x+1 ]
[ x-10, x, x^5+5*x^4-100*x^3-375*x^2+1875*x+3125 ]
[ x-10, x, x^5+5*x^4-100*x^3-375*x^2+1875*x+3125 ]
[ x-10, x, x^5+5*x^4-100*x^3-375*x^2+1875*x+3125 ]
 SITA:

[ [ [ 1, 0, 0, 0, 0, 0, 0 ], [ 0, 1, 0, 0, 0, 0, 0 ], [ 0, 0, 1, 0, 0, 0, 0 ], [ 0, 0, 0, 1, 0, 0, 0 ],[ 0, 0, 0, 0, 1, 0, 0 ], [ 0, 0, 0, 0, 0, 1, 0 ], [ 0, 0, 0, 0, 0, 0, 1 ] ],
  [ [ 0, 10, 0, 0, 0, 0, 0 ], [ 1, 0, 5, 4, 0, 0, 0 ], [ 0, 5, 0, 0, 0, 5, 0 ], [ 0, 10, 0, 0, 0, 0, 0 ],[ 0, 0, 0, 0, 0, 5, 5 ], [ 0, 0, 5, 0, 5, 0, 0 ], [ 0, 0, 0, 0, 5, 0, 5 ] ],
  [ [ 0, 0, 10, 0, 0, 0, 0 ], [ 0, 5, 0, 0, 0, 5, 0 ], [ 1, 0, 0, 4, 5, 0, 0 ], [ 0, 0, 10, 0, 0, 0, 0 ],[ 0, 0, 5, 0, 0, 0, 5 ], [ 0, 5, 0, 0, 0, 0, 5 ], [ 0, 0, 0, 0, 5, 5, 0 ] ],
  [ [ 0, 0, 0, 4, 0, 0, 0 ], [ 0, 4, 0, 0, 0, 0, 0 ], [ 0, 0, 4, 0, 0, 0, 0 ], [ 1, 0, 0, 3, 0, 0, 0 ],[ 0, 0, 0, 0, 4, 0, 0 ], [ 0, 0, 0, 0, 0, 4, 0 ], [ 0, 0, 0, 0, 0, 0, 4 ] ],
  [ [ 0, 0, 0, 0, 10, 0, 0 ], [ 0, 0, 0, 0, 0, 5, 5 ], [ 0, 0, 5, 0, 0, 0, 5 ], [ 0, 0, 0, 0, 10, 0, 0 ],[ 1, 0, 0, 4, 0, 5, 0 ], [ 0, 5, 0, 0, 5, 0, 0 ], [ 0, 5, 5, 0, 0, 0, 0 ] ],
  [ [ 0, 0, 0, 0, 0, 10, 0 ], [ 0, 0, 5, 0, 5, 0, 0 ], [ 0, 5, 0, 0, 0, 0, 5 ], [ 0, 0, 0, 0, 0, 10, 0 ],[ 0, 5, 0, 0, 5, 0, 0 ], [ 1, 0, 0, 4, 0, 0, 5 ], [ 0, 0, 5, 0, 0, 5, 0 ] ],
  [ [ 0, 0, 0, 0, 0, 0, 10 ], [ 0, 0, 0, 0, 5, 0, 5 ], [ 0, 0, 0, 0, 5, 5, 0 ], [ 0, 0, 0, 0, 0, 0, 10 ],[ 0, 5, 5, 0, 0, 0, 0 ], [ 0, 0, 5, 0, 0, 5, 0 ], [ 1, 5, 0, 4, 0, 0, 0 ] ] ]