 degree:11
 order:96
[ 11, 11, 3, 4, 33, 33 ][ 4, 11, 0, 0, 1, 0, 11, 1, 0, 0, 0, 0, 0, 0, 10 ]
minimal polynomial:
[ x-11, x-8, x-5, x, x+5, x+8, x+11 ]
[ x-11, x-8, x, x+5 ]
[ x-3, x+1 ]
[ x-4, x, x+4 ]
[ x-33, x-12, x-1, x, x+1, x+12, x+33 ]
[ x-33, x-1, x, x+12 ]
 SITA:

[ [ [ 1, 0, 0, 0, 0, 0, 0 ], [ 0, 1, 0, 0, 0, 0, 0 ], [ 0, 0, 1, 0, 0, 0, 0 ], [ 0, 0, 0, 1, 0, 0, 0 ],
      [ 0, 0, 0, 0, 1, 0, 0 ], [ 0, 0, 0, 0, 0, 1, 0 ], [ 0, 0, 0, 0, 0, 0, 1 ] ],
  [ [ 0, 11, 0, 0, 0, 0, 0 ], [ 1, 0, 4, 3, 0, 0, 3 ], [ 0, 4, 0, 0, 4, 3, 0 ], [ 0, 11, 0, 0, 0, 0, 0 ],
      [ 0, 0, 11, 0, 0, 0, 0 ], [ 0, 0, 1, 0, 0, 0, 10 ], [ 0, 1, 0, 0, 0, 10, 0 ] ],
  [ [ 0, 0, 11, 0, 0, 0, 0 ], [ 0, 4, 0, 0, 4, 3, 0 ], [ 1, 0, 4, 3, 0, 0, 3 ], [ 0, 0, 11, 0, 0, 0, 0 ],
      [ 0, 11, 0, 0, 0, 0, 0 ], [ 0, 1, 0, 0, 0, 10, 0 ], [ 0, 0, 1, 0, 0, 0, 10 ] ],
  [ [ 0, 0, 0, 3, 0, 0, 0 ], [ 0, 3, 0, 0, 0, 0, 0 ], [ 0, 0, 3, 0, 0, 0, 0 ], [ 1, 0, 0, 2, 0, 0, 0 ],
      [ 0, 0, 0, 0, 3, 0, 0 ], [ 0, 0, 0, 0, 0, 3, 0 ], [ 0, 0, 0, 0, 0, 0, 3 ] ],
  [ [ 0, 0, 0, 0, 4, 0, 0 ], [ 0, 0, 4, 0, 0, 0, 0 ], [ 0, 4, 0, 0, 0, 0, 0 ], [ 0, 0, 0, 0, 4, 0, 0 ],
      [ 1, 0, 0, 3, 0, 0, 0 ], [ 0, 0, 0, 0, 0, 0, 4 ], [ 0, 0, 0, 0, 0, 4, 0 ] ],
  [ [ 0, 0, 0, 0, 0, 33, 0 ], [ 0, 0, 3, 0, 0, 0, 30 ], [ 0, 3, 0, 0, 0, 30, 0 ], [ 0, 0, 0, 0, 0, 33, 0 ],
      [ 0, 0, 0, 0, 0, 0, 33 ], [ 1, 0, 10, 3, 0, 0, 19 ], [ 0, 10, 0, 0, 4, 19, 0 ] ],
  [ [ 0, 0, 0, 0, 0, 0, 33 ], [ 0, 3, 0, 0, 0, 30, 0 ], [ 0, 0, 3, 0, 0, 0, 30 ], [ 0, 0, 0, 0, 0, 0, 33 ],
      [ 0, 0, 0, 0, 0, 33, 0 ], [ 0, 10, 0, 0, 4, 19, 0 ], [ 1, 0, 10, 3, 0, 0, 19 ] ] ]