 degree:5
 order:126
[ 5, 5, 10, 15, 30, 60 ][ 1, 0, 1, 0, 0, 2, 0, 0, 0, 0, 1, 0, 0, 1, 2 ]

minimal polynomial:
[ x-5, x-3, x, x+2, x+4, x^2-7 ]1
[ x-5, x+1 ]
[ x-10, x-6, x, x+4, x+8, x^2-7 ]
[ x-15, x-6, x-3, x+1, x+4, x+6 ]
[ x-30, x-12, x-4, x+2, x+3, x+12 ]
[ x-60, x-18, x, x+12 ]

 SITA:
[ [ [ 1, 0, 0, 0, 0, 0, 0 ], [ 0, 1, 0, 0, 0, 0, 0 ], [ 0, 0, 1, 0, 0, 0, 0 ], [ 0, 0, 0, 1, 0, 0, 0 ],
      [ 0, 0, 0, 0, 1, 0, 0 ], [ 0, 0, 0, 0, 0, 1, 0 ], [ 0, 0, 0, 0, 0, 0, 1 ] ],
  [ [ 0, 5, 0, 0, 0, 0, 0 ], [ 1, 0, 1, 0, 3, 0, 0 ], [ 0, 1, 0, 4, 0, 0, 0 ], [ 0, 0, 2, 0, 0, 3, 0 ],
      [ 0, 1, 0, 0, 0, 0, 4 ], [ 0, 0, 0, 1, 0, 0, 4 ], [ 0, 0, 0, 0, 1, 2, 2 ] ],
  [ [ 0, 0, 5, 0, 0, 0, 0 ], [ 0, 1, 0, 4, 0, 0, 0 ], [ 1, 0, 4, 0, 0, 0, 0 ], [ 0, 2, 0, 3, 0, 0, 0 ],
      [ 0, 0, 0, 0, 1, 4, 0 ], [ 0, 0, 0, 0, 2, 3, 0 ], [ 0, 0, 0, 0, 0, 0, 5 ] ],
  [ [ 0, 0, 0, 10, 0, 0, 0 ], [ 0, 0, 4, 0, 0, 6, 0 ], [ 0, 4, 0, 6, 0, 0, 0 ], [ 1, 0, 3, 0, 3, 3, 0 ],
      [ 0, 0, 0, 2, 0, 0, 8 ], [ 0, 1, 0, 1, 0, 0, 8 ], [ 0, 0, 0, 0, 2, 4, 4 ] ],
  [ [ 0, 0, 0, 0, 15, 0, 0 ], [ 0, 3, 0, 0, 0, 0, 12 ], [ 0, 0, 0, 0, 3, 12, 0 ], [ 0, 0, 0, 3, 0, 0, 12 ],
      [ 1, 0, 1, 0, 1, 4, 8 ], [ 0, 0, 2, 0, 2, 3, 8 ], [ 0, 1, 0, 2, 2, 4, 6 ] ],
  [ [ 0, 0, 0, 0, 0, 30, 0 ], [ 0, 0, 0, 6, 0, 0, 24 ], [ 0, 0, 0, 0, 12, 18, 0 ], [ 0, 3, 0, 3, 0, 0, 24 ],
      [ 0, 0, 4, 0, 4, 6, 16 ], [ 1, 0, 3, 0, 3, 7, 16 ], [ 0, 2, 0, 4, 4, 8, 12 ] ],
  [ [ 0, 0, 0, 0, 0, 0, 60 ], [ 0, 0, 0, 0, 12, 24, 24 ], [ 0, 0, 0, 0, 0, 0, 60 ], [ 0, 0, 0, 0, 12, 24, 24 ],
      [ 0, 4, 0, 8, 8, 16, 24 ], [ 0, 4, 0, 8, 8, 16, 24 ], [ 1, 2, 5, 4, 6, 12, 30 ] ] ]
