 degree:9
 order:135
 [ 9, 9, 1, 7, 45, 63 ][ 3, 0, 0, 1, 0, 9, 0, 1, 0, 0, 0, 0, 0, 1, 5 ]
minimal polynomial:
[ x-9, x, x+6, x^2-3*x-9, x^2+3*x-9 ]1
[ x-9, x, x+6, x^2-3*x-9 ]
[ x-1, x+1 ]
[ x-7, x, x+2 ]
[ x-45, x, x+9 ]
[ x-63, x, x+42, x^2+6*x-36 ]
 SITA:
[ [ [ 1, 0, 0, 0, 0, 0, 0 ], [ 0, 1, 0, 0, 0, 0, 0 ], [ 0, 0, 1, 0, 0, 0, 0 ], [ 0, 0, 0, 1, 0, 0, 0 ],
      [ 0, 0, 0, 0, 1, 0, 0 ], [ 0, 0, 0, 0, 0, 1, 0 ], [ 0, 0, 0, 0, 0, 0, 1 ] ],
  [ [ 0, 9, 0, 0, 0, 0, 0 ], [ 1, 0, 3, 0, 0, 5, 0 ], [ 0, 3, 0, 1, 0, 5, 0 ], [ 0, 0, 9, 0, 0, 0, 0 ],
      [ 0, 0, 0, 0, 0, 0, 9 ], [ 0, 1, 1, 0, 0, 0, 7 ], [ 0, 0, 0, 0, 1, 5, 3 ] ],
  [ [ 0, 0, 9, 0, 0, 0, 0 ], [ 0, 3, 0, 1, 0, 5, 0 ], [ 1, 0, 3, 0, 0, 5, 0 ], [ 0, 9, 0, 0, 0, 0, 0 ],
      [ 0, 0, 0, 0, 0, 0, 9 ], [ 0, 1, 1, 0, 0, 0, 7 ], [ 0, 0, 0, 0, 1, 5, 3 ] ],
  [ [ 0, 0, 0, 1, 0, 0, 0 ], [ 0, 0, 1, 0, 0, 0, 0 ], [ 0, 1, 0, 0, 0, 0, 0 ], [ 1, 0, 0, 0, 0, 0, 0 ],
      [ 0, 0, 0, 0, 1, 0, 0 ], [ 0, 0, 0, 0, 0, 1, 0 ], [ 0, 0, 0, 0, 0, 0, 1 ] ],
  [ [ 0, 0, 0, 0, 7, 0, 0 ], [ 0, 0, 0, 0, 0, 0, 7 ], [ 0, 0, 0, 0, 0, 0, 7 ], [ 0, 0, 0, 0, 7, 0, 0 ],
      [ 1, 0, 0, 1, 5, 0, 0 ], [ 0, 0, 0, 0, 0, 7, 0 ], [ 0, 1, 1, 0, 0, 0, 5 ] ],
  [ [ 0, 0, 0, 0, 0, 45, 0 ], [ 0, 5, 5, 0, 0, 0, 35 ], [ 0, 5, 5, 0, 0, 0, 35 ], [ 0, 0, 0, 0, 0, 45, 0 ],
      [ 0, 0, 0, 0, 0, 45, 0 ], [ 1, 0, 0, 1, 7, 36, 0 ], [ 0, 5, 5, 0, 0, 0, 35 ] ],
  [ [ 0, 0, 0, 0, 0, 0, 63 ], [ 0, 0, 0, 0, 7, 35, 21 ], [ 0, 0, 0, 0, 7, 35, 21 ], [ 0, 0, 0, 0, 0, 0, 63 ],
      [ 0, 9, 9, 0, 0, 0, 45 ], [ 0, 7, 7, 0, 0, 0, 49 ], [ 1, 3, 3, 1, 5, 35, 15 ] ] ]

