 degree:12
 order:224
[ 12, 48, 3, 40, 60, 60 ][ 2, 12, 0, 0, 0, 0, 0, 8, 0, 0, 0, 0, 0, 8, 4 ] 
minimal polynomial:
[ x-12, x, x+12, x^2-80, x^2-32 ]1
[ x-48, x-16, x, x+8 ]
[ x-3, x+1 ]
[ x-40, x, x+40, x^2-320, x^2-32 ]
[ x-60, x, x+60, x^2-128, x^2-80 ]
[ x-60, x-4, x, x+20 ]

 SITA:

[ [ [ 1, 0, 0, 0, 0, 0, 0 ], [ 0, 1, 0, 0, 0, 0, 0 ], [ 0, 0, 1, 0, 0, 0, 0 ], [ 0, 0, 0, 1, 0, 0, 0 ],[ 0, 0, 0, 0, 1, 0, 0 ], [ 0, 0, 0, 0, 0, 1, 0 ], [ 0, 0, 0, 0, 0, 0, 1 ] ],
  [ [ 0, 12, 0, 0, 0, 0, 0 ], [ 1, 0, 8, 3, 0, 0, 0 ], [ 0, 2, 0, 0, 0, 10, 0 ], [ 0, 12, 0, 0, 0, 0, 0 ],[ 0, 0, 0, 0, 0, 0, 12 ], [ 0, 0, 8, 0, 0, 0, 4 ], [ 0, 0, 0, 0, 8, 4, 0 ] ],
  [ [ 0, 0, 48, 0, 0, 0, 0 ], [ 0, 8, 0, 0, 0, 40, 0 ], [ 1, 0, 24, 3, 0, 0, 20 ], [ 0, 0, 48, 0, 0, 0, 0 ],[ 0, 0, 0, 0, 24, 24, 0 ], [ 0, 8, 0, 0, 16, 24, 0 ], [ 0, 0, 16, 0, 0, 0, 32 ] ],
  [ [ 0, 0, 0, 3, 0, 0, 0 ], [ 0, 3, 0, 0, 0, 0, 0 ], [ 0, 0, 3, 0, 0, 0, 0 ], [ 1, 0, 0, 2, 0, 0, 0 ],[ 0, 0, 0, 0, 3, 0, 0 ], [ 0, 0, 0, 0, 0, 3, 0 ], [ 0, 0, 0, 0, 0, 0, 3 ] ],
  [ [ 0, 0, 0, 0, 40, 0, 0 ], [ 0, 0, 0, 0, 0, 0, 40 ], [ 0, 0, 0, 0, 20, 20, 0 ], [ 0, 0, 0, 0, 40, 0, 0 ],[ 1, 0, 24, 3, 0, 0, 12 ], [ 0, 0, 16, 0, 0, 0, 24 ], [ 0, 8, 0, 0, 8, 24, 0 ] ],
  [ [ 0, 0, 0, 0, 0, 60, 0 ], [ 0, 0, 40, 0, 0, 0, 20 ], [ 0, 10, 0, 0, 20, 30, 0 ], [ 0, 0, 0, 0, 0, 60, 0 ],[ 0, 0, 24, 0, 0, 0, 36 ], [ 1, 0, 24, 3, 0, 0, 32 ], [ 0, 4, 0, 0, 24, 32, 0 ] ],
  [ [ 0, 0, 0, 0, 0, 0, 60 ], [ 0, 0, 0, 0, 40, 20, 0 ], [ 0, 0, 20, 0, 0, 0, 40 ], [ 0, 0, 0, 0, 0, 0, 60 ],[ 0, 12, 0, 0, 12, 36, 0 ], [ 0, 4, 0, 0, 24, 32, 0 ], [ 1, 0, 32, 3, 0, 0, 24 ] ] ]