 degree:10
 order:200
[ 10, 15, 24, 30, 60, 60 ][ 2, 0, 0, 1, 0, 0, 4, 0, 0, 0, 0, 4, 3, 0, 6 ]
minimal polynomial:
[ x-10, x, x+10, x^2-40, x^2-8 ]1
[ x-15, x+1 ]
[ x-24, x, x+16 ]
[ x-30, x, x+30, x^2-360, x^2-8 ]
[ x-60, x, x+40 ]
[ x-60, x, x+60, x^2-640 ]
 SITA:

[ [ [ 1, 0, 0, 0, 0, 0, 0 ], [ 0, 1, 0, 0, 0, 0, 0 ], [ 0, 0, 1, 0, 0, 0, 0 ], [ 0, 0, 0, 1, 0, 0, 0 ],[ 0, 0, 0, 0, 1, 0, 0 ], [ 0, 0, 0, 0, 0, 1, 0 ], [ 0, 0, 0, 0, 0, 0, 1 ] ],
  [ [ 0, 10, 0, 0, 0, 0, 0 ], [ 1, 0, 3, 0, 0, 6, 0 ], [ 0, 2, 0, 0, 8, 0, 0 ], [ 0, 0, 0, 0, 0, 0, 10 ],[ 0, 0, 4, 0, 0, 6, 0 ], [ 0, 1, 0, 0, 3, 0, 6 ], [ 0, 0, 0, 4, 0, 6, 0 ] ],
  [ [ 0, 0, 15, 0, 0, 0, 0 ], [ 0, 3, 0, 0, 12, 0, 0 ], [ 1, 0, 14, 0, 0, 0, 0 ], [ 0, 0, 0, 15, 0, 0, 0 ],[ 0, 4, 0, 0, 11, 0, 0 ], [ 0, 0, 0, 0, 0, 15, 0 ], [ 0, 0, 0, 0, 0, 0, 15 ] ],
  [ [ 0, 0, 0, 24, 0, 0, 0 ], [ 0, 0, 0, 0, 0, 0, 24 ], [ 0, 0, 0, 24, 0, 0, 0 ], [ 1, 0, 15, 8, 0, 0, 0 ],[ 0, 0, 0, 0, 0, 0, 24 ], [ 0, 0, 0, 0, 0, 24, 0 ], [ 0, 4, 0, 0, 12, 0, 8 ] ],
  [ [ 0, 0, 0, 0, 30, 0, 0 ], [ 0, 0, 12, 0, 0, 18, 0 ], [ 0, 8, 0, 0, 22, 0, 0 ], [ 0, 0, 0, 0, 0, 0, 30 ],[ 1, 0, 11, 0, 0, 18, 0 ], [ 0, 3, 0, 0, 9, 0, 18 ], [ 0, 0, 0, 12, 0, 18, 0 ] ],
  [ [ 0, 0, 0, 0, 0, 60, 0 ], [ 0, 6, 0, 0, 18, 0, 36 ], [ 0, 0, 0, 0, 0, 60, 0 ], [ 0, 0, 0, 0, 0, 60, 0 ],[ 0, 6, 0, 0, 18, 0, 36 ], [ 1, 0, 15, 24, 0, 20, 0 ], [ 0, 6, 0, 0, 18, 0, 36 ] ],
  [ [ 0, 0, 0, 0, 0, 0, 60 ], [ 0, 0, 0, 24, 0, 36, 0 ], [ 0, 0, 0, 0, 0, 0, 60 ], [ 0, 10, 0, 0, 30, 0, 20 ],[ 0, 0, 0, 24, 0, 36, 0 ], [ 0, 6, 0, 0, 18, 0, 36 ], [ 1, 0, 15, 8, 0, 36, 0 ] ] ]
