 degree:10
 order:110
[ 10, 10, 4, 5, 40, 40 ][ 1, 0, 0, 0, 2, 0, 2, 2, 0, 0, 1, 0, 0, 1, 7 ]
minimal polynomial:
[ x-10, x-1, x, x+1, x+10, x^2-11 ]1
[ x-10, x+1 ]
[ x-4, x+1 ]
[ x-5, x, x+5 ]
[ x-40, x-4, x, x+4, x+40, x^2-11 ]
[ x-40, x-1, x+4, x+10 ]

 SITA:

[ [ [ 1, 0, 0, 0, 0, 0, 0 ], [ 0, 1, 0, 0, 0, 0, 0 ], [ 0, 0, 1, 0, 0, 0, 0 ], [ 0, 0, 0, 1, 0, 0, 0 ],[ 0, 0, 0, 0, 1, 0, 0 ], [ 0, 0, 0, 0, 0, 1, 0 ], [ 0, 0, 0, 0, 0, 0, 1 ] ],
  [ [ 0, 10, 0, 0, 0, 0, 0 ], [ 1, 0, 1, 0, 0, 0, 8 ], [ 0, 1, 0, 0, 1, 8, 0 ], [ 0, 0, 0, 0, 0, 10, 0 ],[ 0, 0, 2, 0, 0, 0, 8 ], [ 0, 0, 2, 1, 0, 0, 7 ], [ 0, 2, 0, 0, 1, 7, 0 ] ],
  [ [ 0, 0, 10, 0, 0, 0, 0 ], [ 0, 1, 0, 0, 1, 8, 0 ], [ 1, 0, 9, 0, 0, 0, 0 ], [ 0, 0, 0, 0, 0, 0, 10 ],[ 0, 2, 0, 0, 0, 8, 0 ], [ 0, 2, 0, 0, 1, 7, 0 ], [ 0, 0, 0, 1, 0, 0, 9 ] ],
  [ [ 0, 0, 0, 4, 0, 0, 0 ], [ 0, 0, 0, 0, 0, 4, 0 ], [ 0, 0, 0, 0, 0, 0, 4 ], [ 1, 0, 0, 3, 0, 0, 0 ],[ 0, 0, 0, 0, 4, 0, 0 ], [ 0, 1, 0, 0, 0, 3, 0 ], [ 0, 0, 1, 0, 0, 0, 3 ] ],
  [ [ 0, 0, 0, 0, 5, 0, 0 ], [ 0, 0, 1, 0, 0, 0, 4 ], [ 0, 1, 0, 0, 0, 4, 0 ], [ 0, 0, 0, 0, 5, 0, 0 ],[ 1, 0, 0, 4, 0, 0, 0 ], [ 0, 0, 1, 0, 0, 0, 4 ], [ 0, 1, 0, 0, 0, 4, 0 ] ],
  [ [ 0, 0, 0, 0, 0, 40, 0 ], [ 0, 0, 8, 4, 0, 0, 28 ], [ 0, 8, 0, 0, 4, 28, 0 ], [ 0, 10, 0, 0, 0, 30, 0 ],[ 0, 0, 8, 0, 0, 0, 32 ], [ 1, 0, 7, 3, 0, 0, 29 ], [ 0, 7, 0, 0, 4, 29, 0 ] ],
  [ [ 0, 0, 0, 0, 0, 0, 40 ], [ 0, 8, 0, 0, 4, 28, 0 ], [ 0, 0, 0, 4, 0, 0, 36 ], [ 0, 0, 10, 0, 0, 0, 30 ],[ 0, 8, 0, 0, 0, 32, 0 ], [ 0, 7, 0, 0, 4, 29, 0 ], [ 1, 0, 9, 3, 0, 0, 27 ] ] ]
