 degree:6
 order:112
 [ 6, 24, 1, 20, 30, 30 ][ 1, 6, 0, 0, 0, 0, 0, 4, 0, 0, 0, 0, 0, 4, 2 ]

minimal polynomial:
[ x-6, x, x+6, x^2-20, x^2-8 ]1
[ x-24, x-8, x, x+4 ]
[ x-1, x+1 ]
[ x-20, x, x+20, x^2-80, x^2-8 ]
[ x-30, x, x+30, x^2-32, x^2-20 ]
[ x-30, x-2, x, x+10 ]
 SITA:
[ [ [ 1, 0, 0, 0, 0, 0, 0 ], [ 0, 1, 0, 0, 0, 0, 0 ], [ 0, 0, 1, 0, 0, 0, 0 ], [ 0, 0, 0, 1, 0, 0, 0 ],
      [ 0, 0, 0, 0, 1, 0, 0 ], [ 0, 0, 0, 0, 0, 1, 0 ], [ 0, 0, 0, 0, 0, 0, 1 ] ],
  [ [ 0, 6, 0, 0, 0, 0, 0 ], [ 1, 0, 4, 1, 0, 0, 0 ], [ 0, 1, 0, 0, 0, 5, 0 ], [ 0, 6, 0, 0, 0, 0, 0 ],
      [ 0, 0, 0, 0, 0, 0, 6 ], [ 0, 0, 4, 0, 0, 0, 2 ], [ 0, 0, 0, 0, 4, 2, 0 ] ],
  [ [ 0, 0, 24, 0, 0, 0, 0 ], [ 0, 4, 0, 0, 0, 20, 0 ], [ 1, 0, 12, 1, 0, 0, 10 ], [ 0, 0, 24, 0, 0, 0, 0 ],
      [ 0, 0, 0, 0, 12, 12, 0 ], [ 0, 4, 0, 0, 8, 12, 0 ], [ 0, 0, 8, 0, 0, 0, 16 ] ],
  [ [ 0, 0, 0, 1, 0, 0, 0 ], [ 0, 1, 0, 0, 0, 0, 0 ], [ 0, 0, 1, 0, 0, 0, 0 ], [ 1, 0, 0, 0, 0, 0, 0 ],
      [ 0, 0, 0, 0, 1, 0, 0 ], [ 0, 0, 0, 0, 0, 1, 0 ], [ 0, 0, 0, 0, 0, 0, 1 ] ],
  [ [ 0, 0, 0, 0, 20, 0, 0 ], [ 0, 0, 0, 0, 0, 0, 20 ], [ 0, 0, 0, 0, 10, 10, 0 ], [ 0, 0, 0, 0, 20, 0, 0 ],
      [ 1, 0, 12, 1, 0, 0, 6 ], [ 0, 0, 8, 0, 0, 0, 12 ], [ 0, 4, 0, 0, 4, 12, 0 ] ],
  [ [ 0, 0, 0, 0, 0, 30, 0 ], [ 0, 0, 20, 0, 0, 0, 10 ], [ 0, 5, 0, 0, 10, 15, 0 ], [ 0, 0, 0, 0, 0, 30, 0 ],
      [ 0, 0, 12, 0, 0, 0, 18 ], [ 1, 0, 12, 1, 0, 0, 16 ], [ 0, 2, 0, 0, 12, 16, 0 ] ],
  [ [ 0, 0, 0, 0, 0, 0, 30 ], [ 0, 0, 0, 0, 20, 10, 0 ], [ 0, 0, 10, 0, 0, 0, 20 ], [ 0, 0, 0, 0, 0, 0, 30 ],
      [ 0, 6, 0, 0, 6, 18, 0 ], [ 0, 2, 0, 0, 12, 16, 0 ], [ 1, 0, 16, 1, 0, 0, 12 ] ] ]

