 degree:6
 order:60
[ 6, 9, 2, 12, 12, 18 ][ 2, 6, 0, 0, 0, 0, 0, 3, 0, 0, 0, 0, 0, 4, 2 ] 

minimal polynomial:
[ x-6, x, x+6, x^2-24, x^2-6 ]1
[ x-9, x-3, x, x+6 ]
[ x-2, x+1 ]
[ x-12, x, x+12, x^2-24 ]
[ x-12, x, x+12, x^2-54 ]
[ x-18, x-3, x, x+6 ]
 SITA:
[ [ [ 1, 0, 0, 0, 0, 0, 0 ], [ 0, 1, 0, 0, 0, 0, 0 ], [ 0, 0, 1, 0, 0, 0, 0 ], [ 0, 0, 0, 1, 0, 0, 0 ],
      [ 0, 0, 0, 0, 1, 0, 0 ], [ 0, 0, 0, 0, 0, 1, 0 ], [ 0, 0, 0, 0, 0, 0, 1 ] ],
  [ [ 0, 6, 0, 0, 0, 0, 0 ], [ 1, 0, 3, 2, 0, 0, 0 ], [ 0, 2, 0, 0, 0, 4, 0 ], [ 0, 6, 0, 0, 0, 0, 0 ],
      [ 0, 0, 0, 0, 0, 0, 6 ], [ 0, 0, 3, 0, 0, 0, 3 ], [ 0, 0, 0, 0, 4, 2, 0 ] ],
  [ [ 0, 0, 9, 0, 0, 0, 0 ], [ 0, 3, 0, 0, 0, 6, 0 ], [ 1, 0, 0, 2, 0, 0, 6 ], [ 0, 0, 9, 0, 0, 0, 0 ],
      [ 0, 0, 0, 0, 3, 6, 0 ], [ 0, 3, 0, 0, 6, 0, 0 ], [ 0, 0, 3, 0, 0, 0, 6 ] ],
  [ [ 0, 0, 0, 2, 0, 0, 0 ], [ 0, 2, 0, 0, 0, 0, 0 ], [ 0, 0, 2, 0, 0, 0, 0 ], [ 1, 0, 0, 1, 0, 0, 0 ],
      [ 0, 0, 0, 0, 2, 0, 0 ], [ 0, 0, 0, 0, 0, 2, 0 ], [ 0, 0, 0, 0, 0, 0, 2 ] ],
  [ [ 0, 0, 0, 0, 12, 0, 0 ], [ 0, 0, 0, 0, 0, 0, 12 ], [ 0, 0, 0, 0, 4, 8, 0 ], [ 0, 0, 0, 0, 12, 0, 0 ],
      [ 1, 0, 3, 2, 0, 0, 6 ], [ 0, 0, 6, 0, 0, 0, 6 ], [ 0, 4, 0, 0, 4, 4, 0 ] ],
  [ [ 0, 0, 0, 0, 0, 12, 0 ], [ 0, 0, 6, 0, 0, 0, 6 ], [ 0, 4, 0, 0, 8, 0, 0 ], [ 0, 0, 0, 0, 0, 12, 0 ],
      [ 0, 0, 6, 0, 0, 0, 6 ], [ 1, 0, 0, 2, 0, 0, 9 ], [ 0, 2, 0, 0, 4, 6, 0 ] ],
  [ [ 0, 0, 0, 0, 0, 0, 18 ], [ 0, 0, 0, 0, 12, 6, 0 ], [ 0, 0, 6, 0, 0, 0, 12 ], [ 0, 0, 0, 0, 0, 0, 18 ],
      [ 0, 6, 0, 0, 6, 6, 0 ], [ 0, 3, 0, 0, 6, 9, 0 ], [ 1, 0, 6, 2, 0, 0, 9 ] ] ]


