 degree:12
 order:216
[ 12, 30, 5, 36, 60, 72 ][ 2, 0, 0, 0, 1, 0, 0, 5, 0, 0, 1, 0, 0, 6, 5 ]
minimal polynomial:
[ x-12, x-6, x, x+6, x+12, x^2-12 ]1
[ x-30, x, x+6 ]
[ x-5, x+1 ]
[ x-36, x, x+36 ]
[ x-60, x-30, x, x+30, x+60, x^2-12 ]
[ x-72, x, x+36 ]

 SITA:

[ [ [ 1, 0, 0, 0, 0, 0, 0 ], [ 0, 1, 0, 0, 0, 0, 0 ], [ 0, 0, 1, 0, 0, 0, 0 ], [ 0, 0, 0, 1, 0, 0, 0 ],[ 0, 0, 0, 0, 1, 0, 0 ], [ 0, 0, 0, 0, 0, 1, 0 ], [ 0, 0, 0, 0, 0, 0, 1 ] ],
  [ [ 0, 12, 0, 0, 0, 0, 0 ], [ 1, 0, 5, 0, 0, 0, 6 ], [ 0, 2, 0, 0, 0, 10, 0 ], [ 0, 0, 0, 0, 0, 12, 0 ],[ 0, 0, 0, 0, 0, 0, 12 ], [ 0, 0, 5, 1, 0, 0, 6 ], [ 0, 1, 0, 0, 6, 5, 0 ] ],
  [ [ 0, 0, 30, 0, 0, 0, 0 ], [ 0, 5, 0, 0, 0, 25, 0 ], [ 1, 0, 24, 5, 0, 0, 0 ], [ 0, 0, 30, 0, 0, 0, 0 ],[ 0, 0, 0, 0, 30, 0, 0 ], [ 0, 5, 0, 0, 0, 25, 0 ], [ 0, 0, 0, 0, 0, 0, 30 ] ],
  [ [ 0, 0, 0, 5, 0, 0, 0 ], [ 0, 0, 0, 0, 0, 5, 0 ], [ 0, 0, 5, 0, 0, 0, 0 ], [ 1, 0, 0, 4, 0, 0, 0 ],[ 0, 0, 0, 0, 5, 0, 0 ], [ 0, 1, 0, 0, 0, 4, 0 ], [ 0, 0, 0, 0, 0, 0, 5 ] ],
  [ [ 0, 0, 0, 0, 36, 0, 0 ], [ 0, 0, 0, 0, 0, 0, 36 ], [ 0, 0, 0, 0, 36, 0, 0 ], [ 0, 0, 0, 0, 36, 0, 0 ],[ 1, 0, 30, 5, 0, 0, 0 ], [ 0, 0, 0, 0, 0, 0, 36 ], [ 0, 6, 0, 0, 0, 30, 0 ] ],
  [ [ 0, 0, 0, 0, 0, 60, 0 ], [ 0, 0, 25, 5, 0, 0, 30 ], [ 0, 10, 0, 0, 0, 50, 0 ], [ 0, 12, 0, 0, 0, 48, 0 ],[ 0, 0, 0, 0, 0, 0, 60 ], [ 1, 0, 25, 4, 0, 0, 30 ], [ 0, 5, 0, 0, 30, 25, 0 ] ],
  [ [ 0, 0, 0, 0, 0, 0, 72 ], [ 0, 6, 0, 0, 36, 30, 0 ], [ 0, 0, 0, 0, 0, 0, 72 ], [ 0, 0, 0, 0, 0, 0, 72 ],[ 0, 12, 0, 0, 0, 60, 0 ], [ 0, 6, 0, 0, 36, 30, 0 ], [ 1, 0, 30, 5, 0, 0, 36 ] ] ]