 degree:12
 order:72
[ 12, 2, 3, 6, 18, 30 ][ 6, 0, 0, 0, 4, 0, 2, 0, 0, 0, 2, 0, 0, 2, 6 ]
minimal polynomial:
[ x-12, x, x+12, x^2-24, x^2-6 ]1
[ x-2, x+1 ]
[ x-3, x, x+3 ]
[ x-6, x, x+6, x^2-6 ]
[ x-18, x, x+18, x^2-54 ]
[ x-30, x, x+6 ]

 SITA:

[ [ [ 1, 0, 0, 0, 0, 0, 0 ], [ 0, 1, 0, 0, 0, 0, 0 ], [ 0, 0, 1, 0, 0, 0, 0 ], [ 0, 0, 0, 1, 0, 0, 0 ],[ 0, 0, 0, 0, 1, 0, 0 ], [ 0, 0, 0, 0, 0, 1, 0 ], [ 0, 0, 0, 0, 0, 0, 1 ] ],
  [ [ 0, 12, 0, 0, 0, 0, 0 ], [ 1, 0, 1, 0, 0, 0, 10 ], [ 0, 6, 0, 0, 6, 0, 0 ],[ 0, 0, 0, 0, 0, 12, 0 ], [ 0, 0, 2, 0, 0, 0, 10 ], [ 0, 0, 0, 2, 0, 0, 10 ], [ 0, 4, 0, 0, 2, 6, 0 ] ],
  [ [ 0, 0, 2, 0, 0, 0, 0 ], [ 0, 1, 0, 0, 1, 0, 0 ], [ 1, 0, 1, 0, 0, 0, 0 ], [ 0, 0, 0, 2, 0, 0, 0 ],[ 0, 2, 0, 0, 0, 0, 0 ], [ 0, 0, 0, 0, 0, 2, 0 ], [ 0, 0, 0, 0, 0, 0, 2 ] ],
  [ [ 0, 0, 0, 3, 0, 0, 0 ], [ 0, 0, 0, 0, 0, 3, 0 ], [ 0, 0, 0, 3, 0, 0, 0 ],[ 1, 0, 2, 0, 0, 0, 0 ], [ 0, 0, 0, 0, 0, 3, 0 ], [ 0, 2, 0, 0, 1, 0, 0 ], [ 0, 0, 0, 0, 0, 0, 3 ] ],
  [ [ 0, 0, 0, 0, 6, 0, 0 ], [ 0, 0, 1, 0, 0, 0, 5 ], [ 0, 6, 0, 0, 0, 0, 0 ], [ 0, 0, 0, 0, 0, 6, 0 ],[ 1, 0, 0, 0, 0, 0, 5 ], [ 0, 0, 0, 1, 0, 0, 5 ], [ 0, 2, 0, 0, 1, 3, 0 ] ],
  [ [ 0, 0, 0, 0, 0, 18, 0 ], [ 0, 0, 0, 3, 0, 0, 15 ], [ 0, 0, 0, 0, 0, 18, 0 ],[ 0, 12, 0, 0, 6, 0, 0 ], [ 0, 0, 0, 3, 0, 0, 15 ], [ 1, 0, 2, 0, 0, 0, 15 ], [ 0, 6, 0, 0, 3, 9, 0 ] ],
  [ [ 0, 0, 0, 0, 0, 0, 30 ], [ 0, 10, 0, 0, 5, 15, 0 ], [ 0, 0, 0, 0, 0, 0, 30 ], [ 0, 0, 0, 0, 0, 0, 30 ],[ 0, 10, 0, 0, 5, 15, 0 ], [ 0, 10, 0, 0, 5, 15, 0 ], [ 1, 0, 2, 3, 0, 0, 24 ] ] ]