 degree:6
 order:192
 [ 6, 15, 20, 30, 60, 60 ][ 2, 0, 0, 0, 0, 0, 2, 0, 0, 0, 2, 0, 0, 2, 4 ]
minimal polynomial:
[ x-6, x-2, x, x+2, x+6, x^2-20 ]1
[ x-15, x-7, x+1, x+3 ]
[ x-20, x-4, x+4 ]
[ x-30, x-6, x, x+6, x+30, x^2-20 ]
[ x-60, x-4, x, x+4, x+60, x^2-80 ]
[ x-60, x-6, x+4 ]
 SITA:
[ [ [ 1, 0, 0, 0, 0, 0, 0 ], [ 0, 1, 0, 0, 0, 0, 0 ], [ 0, 0, 1, 0, 0, 0, 0 ], [ 0, 0, 0, 1, 0, 0, 0 ],
      [ 0, 0, 0, 0, 1, 0, 0 ], [ 0, 0, 0, 0, 0, 1, 0 ], [ 0, 0, 0, 0, 0, 0, 1 ] ],
  [ [ 0, 6, 0, 0, 0, 0, 0 ], [ 1, 0, 5, 0, 0, 0, 0 ], [ 0, 2, 0, 0, 4, 0, 0 ], [ 0, 0, 0, 0, 0, 6, 0 ],
      [ 0, 0, 2, 0, 0, 0, 4 ], [ 0, 0, 0, 2, 0, 0, 4 ], [ 0, 0, 0, 0, 2, 4, 0 ] ],
  [ [ 0, 0, 15, 0, 0, 0, 0 ], [ 0, 5, 0, 0, 10, 0, 0 ], [ 1, 0, 6, 0, 0, 0, 8 ], [ 0, 0, 0, 3, 0, 0, 12 ],
      [ 0, 2, 0, 0, 5, 8, 0 ], [ 0, 0, 0, 0, 4, 11, 0 ], [ 0, 0, 2, 4, 0, 0, 9 ] ],
  [ [ 0, 0, 0, 20, 0, 0, 0 ], [ 0, 0, 0, 0, 0, 20, 0 ], [ 0, 0, 0, 4, 0, 0, 16 ], [ 1, 0, 3, 4, 0, 0, 12 ],
      [ 0, 0, 0, 0, 8, 12, 0 ], [ 0, 2, 0, 0, 6, 12, 0 ], [ 0, 0, 4, 4, 0, 0, 12 ] ],
  [ [ 0, 0, 0, 0, 30, 0, 0 ], [ 0, 0, 10, 0, 0, 0, 20 ], [ 0, 4, 0, 0, 10, 16, 0 ], [ 0, 0, 0, 0, 12, 18, 0 ],
      [ 1, 0, 5, 8, 0, 0, 16 ], [ 0, 0, 4, 6, 0, 0, 20 ], [ 0, 2, 0, 0, 8, 20, 0 ] ],
  [ [ 0, 0, 0, 0, 0, 60, 0 ], [ 0, 0, 0, 20, 0, 0, 40 ], [ 0, 0, 0, 0, 16, 44, 0 ], [ 0, 6, 0, 0, 18, 36, 0 ],
      [ 0, 0, 8, 12, 0, 0, 40 ], [ 1, 0, 11, 12, 0, 0, 36 ], [ 0, 4, 0, 0, 20, 36, 0 ] ],
  [ [ 0, 0, 0, 0, 0, 0, 60 ], [ 0, 0, 0, 0, 20, 40, 0 ], [ 0, 0, 8, 16, 0, 0, 36 ], [ 0, 0, 12, 12, 0, 0, 36 ],
      [ 0, 4, 0, 0, 16, 40, 0 ], [ 0, 4, 0, 0, 20, 36, 0 ], [ 1, 0, 9, 12, 0, 0, 38 ] ] ]
