 degree:8
 order:246
 [ 8, 20, 2, 40, 75, 100 ][ 2, 8, 0, 0, 0, 0, 3, 0, 0, 0, 0, 0, 0, 2, 6 ]
minimal polynomial:
[ x-8, x, x+8, x^4-46*x^2+324 ]2
[ x-20, x, x^2+x-51 ]
[ x-2, x+1 ]
[ x-40, x, x+40, x^4-166*x^2+1764 ]
[ x-75, x, x+75, x^2-90 ]
[ x-100, x, x^2+5*x-45 ]
 SITA:
[ [ [ 1, 0, 0, 0, 0, 0, 0 ], [ 0, 1, 0, 0, 0, 0, 0 ], [ 0, 0, 1, 0, 0, 0, 0 ], [ 0, 0, 0, 1, 0, 0, 0 ],
      [ 0, 0, 0, 0, 1, 0, 0 ], [ 0, 0, 0, 0, 0, 1, 0 ], [ 0, 0, 0, 0, 0, 0, 1 ] ],
  [ [ 0, 8, 0, 0, 0, 0, 0 ], [ 1, 0, 5, 2, 0, 0, 0 ], [ 0, 2, 0, 0, 6, 0, 0 ], [ 0, 8, 0, 0, 0, 0, 0 ],
      [ 0, 0, 3, 0, 0, 0, 5 ], [ 0, 0, 0, 0, 0, 0, 8 ], [ 0, 0, 0, 0, 2, 6, 0 ] ],
  [ [ 0, 0, 20, 0, 0, 0, 0 ], [ 0, 5, 0, 0, 15, 0, 0 ], [ 1, 0, 2, 2, 0, 0, 15 ], [ 0, 0, 20, 0, 0, 0, 0 ],
      [ 0, 3, 0, 0, 2, 15, 0 ], [ 0, 0, 0, 0, 8, 12, 0 ], [ 0, 0, 3, 0, 0, 0, 17 ] ],
  [ [ 0, 0, 0, 2, 0, 0, 0 ], [ 0, 2, 0, 0, 0, 0, 0 ], [ 0, 0, 2, 0, 0, 0, 0 ], [ 1, 0, 0, 1, 0, 0, 0 ],
      [ 0, 0, 0, 0, 2, 0, 0 ], [ 0, 0, 0, 0, 0, 2, 0 ], [ 0, 0, 0, 0, 0, 0, 2 ] ],
  [ [ 0, 0, 0, 0, 40, 0, 0 ], [ 0, 0, 15, 0, 0, 0, 25 ], [ 0, 6, 0, 0, 4, 30, 0 ], [ 0, 0, 0, 0, 40, 0, 0 ],
      [ 1, 0, 2, 2, 0, 0, 35 ], [ 0, 0, 8, 0, 0, 0, 32 ], [ 0, 2, 0, 0, 14, 24, 0 ] ],
  [ [ 0, 0, 0, 0, 0, 75, 0 ], [ 0, 0, 0, 0, 0, 0, 75 ], [ 0, 0, 0, 0, 30, 45, 0 ], [ 0, 0, 0, 0, 0, 75, 0 ],
      [ 0, 0, 15, 0, 0, 0, 60 ], [ 1, 0, 12, 2, 0, 0, 60 ], [ 0, 6, 0, 0, 24, 45, 0 ] ],
  [ [ 0, 0, 0, 0, 0, 0, 100 ], [ 0, 0, 0, 0, 25, 75, 0 ], [ 0, 0, 15, 0, 0, 0, 85 ], [ 0, 0, 0, 0, 0, 0, 100 ],
      [ 0, 5, 0, 0, 35, 60, 0 ], [ 0, 8, 0, 0, 32, 60, 0 ], [ 1, 0, 17, 2, 0, 0, 80 ] ] ]
