 degree:10
 order:96
[ 10, 40, 5, 10, 10, 20 ][ 1, 2, 2, 0, 1, 0, 0, 4, 4, 0, 0, 2, 4, 2, 1 ]
minimal polynomial:
[ x-10, x-4, x-2, x+4, x+6, x^2-8 ]1
[ x-40, x-8, x, x+32 ]
[ x-5, x-1, x+3 ]
[ x-10, x-2, x+2 ]
[ x-10, x-4, x-2, x+4, x+6, x^2-8 ]
[ x-20, x-8, x, x+4, x+12 ]
 SITA:

[ [ [ 1, 0, 0, 0, 0, 0, 0 ], [ 0, 1, 0, 0, 0, 0, 0 ], [ 0, 0, 1, 0, 0, 0, 0 ], [ 0, 0, 0, 1, 0, 0, 0 ],[ 0, 0, 0, 0, 1, 0, 0 ], [ 0, 0, 0, 0, 0, 1, 0 ], [ 0, 0, 0, 0, 0, 0, 1 ] ],
  [ [ 0, 10, 0, 0, 0, 0, 0 ], [ 1, 0, 4, 1, 2, 0, 2 ], [ 0, 1, 6, 0, 0, 1, 2 ], [ 0, 2, 0, 0, 0, 0, 8 ],[ 0, 2, 0, 0, 0, 4, 4 ], [ 0, 0, 4, 0, 4, 0, 2 ], [ 0, 1, 4, 2, 2, 1, 0 ] ],
  [ [ 0, 0, 40, 0, 0, 0, 0 ], [ 0, 4, 24, 0, 0, 4, 8 ], [ 1, 6, 0, 5, 10, 6, 12 ], [ 0, 0, 40, 0, 0, 0, 0 ],[ 0, 0, 40, 0, 0, 0, 0 ], [ 0, 4, 24, 0, 0, 4, 8 ], [ 0, 4, 24, 0, 0, 4, 8 ] ],
  [ [ 0, 0, 0, 5, 0, 0, 0 ], [ 0, 1, 0, 0, 0, 0, 4 ], [ 0, 0, 5, 0, 0, 0, 0 ], [ 1, 0, 0, 0, 4, 0, 0 ],[ 0, 0, 0, 2, 3, 0, 0 ], [ 0, 0, 0, 0, 0, 1, 4 ], [ 0, 2, 0, 0, 0, 2, 1 ] ],
  [ [ 0, 0, 0, 0, 10, 0, 0 ], [ 0, 2, 0, 0, 0, 4, 4 ], [ 0, 0, 10, 0, 0, 0, 0 ], [ 0, 0, 0, 4, 6, 0, 0 ],[ 1, 0, 0, 3, 6, 0, 0 ], [ 0, 4, 0, 0, 0, 2, 4 ], [ 0, 2, 0, 0, 0, 2, 6 ] ],
  [ [ 0, 0, 0, 0, 0, 10, 0 ], [ 0, 0, 4, 0, 4, 0, 2 ], [ 0, 1, 6, 0, 0, 1, 2 ], [ 0, 0, 0, 0, 0, 2, 8 ],[ 0, 4, 0, 0, 0, 2, 4 ], [ 1, 0, 4, 1, 2, 0, 2 ], [ 0, 1, 4, 2, 2, 1, 0 ] ],
  [ [ 0, 0, 0, 0, 0, 0, 20 ], [ 0, 2, 8, 4, 4, 2, 0 ], [ 0, 2, 12, 0, 0, 2, 4 ], [ 0, 8, 0, 0, 0, 8, 4 ],[ 0, 4, 0, 0, 0, 4, 12 ], [ 0, 2, 8, 4, 4, 2, 0 ], [ 1, 0, 8, 1, 6, 0, 4 ] ] ]
